-60623 1
-59189 1
-58583 1
-58360 1
-56097 1
-54822 1
-47746 1
-47651 1
-47428 1
-47205 1
-47173 1
-46790 1
-46057 1
-46025 1
-45133 1
-45037 1
-44942 1
-44750 1
-44687 1
-43730 1
-43443 1
-43412 1
-43316 1
-43284 1
-42806 1
-42168 1
-41913 1
-41850 1
-41722 1
-41595 1
-41467 1
-41212 1
-40989 1
-40798 1
-40734 1
-40479 1
-40415 1
-40097 1
-40065 1
-39969 1
-39905 1
-39650 1
-39523 1
-39332 1
-39300 1
-39172 1
-38854 1
-38662 1
-38631 1
-38599 1
-38567 1
-38344 1
-38312 1
-38280 3
-38025 1
-37897 1
-37738 2
-37547 1
-37515 2
-37483 1
-37451 1
-37260 2
-37196 1
-37164 1
-37037 1
-37005 1
-36877 1
-36782 1
-36654 1
-36208 2
-36176 1
-36144 2
-36112 1
-36081 1
-36049 1
-35889 1
-35730 1
-35666 1
-35571 1
-35539 1
-35529 1
-35475 2
-35411 1
-35379 1
-35348 1
-35284 1
-35220 1
-35124 1
-35093 1
-35061 1
-34997 1
-34965 1
-34933 3
-34838 2
-34742 2
-34646 1
-34519 1
-34455 2
-34391 1
-34328 1
-34264 1
-34232 1
-34200 1
-34104 2
-34073 1
-34041 1
-33913 2
-33881 1
-33849 3
-33754 2
-33722 2
-33658 1
-33594 1
-33563 1
-33531 2
-33467 1
-33371 1
-33308 1
-33276 1
-33148 1
-33116 1
-33053 1
-32957 1
-32925 1
-32861 3
-32858 1
-32829 1
-32766 1
-32702 2
-32638 1
-32574 2
-32479 1
-32447 1
-32383 1
-32351 1
-32319 1
-32256 1
-32224 2
-32192 3
-32160 2
-32128 1
-32096 1
-32065 2
-32001 1
-31969 1
-31905 1
-31841 1
-31810 1
-31778 1
-31746 1
-31650 1
-31618 2
-31555 1
-31491 1
-31427 2
-31363 1
-31246 1
-31236 1
-31172 1
-31108 3
-31076 2
-31013 3
-30885 2
-30853 2
-30821 1
-30790 1
-30782 1
-30758 1
-30726 2
-30694 1
-30630 2
-30598 1
-30566 2
-30535 1
-30439 1
-30407 1
-30311 1
-30216 4
-30152 2
-30120 2
-30088 3
-30056 2
-30025 1
-29993 1
-29929 3
-29865 4
-29833 2
-29801 1
-29770 1
-29738 2
-29706 3
-29674 2
-29642 1
-29610 3
-29546 1
-29532 1
-29515 1
-29451 1
-29419 2
-29387 2
-29355 1
-29323 1
-29291 2
-29260 1
-29228 1
-29196 5
-29164 1
-29132 2
-29100 2
-29068 3
-28973 1
-28941 1
-28909 2
-28877 3
-28845 2
-28782 1
-28750 1
-28718 1
-28686 1
-28654 1
-28590 1
-28527 3
-28495 1
-28463 1
-28431 2
-28399 1
-28367 2
-28303 1
-28272 4
-28240 3
-28208 3
-28176 3
-28144 2
-28112 1
-28048 2
-28017 2
-27985 2
-27953 1
-27921 1
-27889 4
-27857 1
-27825 3
-27762 1
-27698 3
-27666 1
-27634 2
-27602 2
-27570 3
-27538 4
-27507 1
-27475 2
-27443 2
-27411 2
-27379 3
-27347 3
-27315 1
-27283 3
-27252 2
-27220 2
-27188 1
-27156 2
-27124 1
-27060 3
-27028 1
-26997 2
-26965 1
-26933 2
-26869 1
-26861 1
-26837 1
-26805 1
-26773 2
-26742 1
-26710 2
-26678 4
-26646 2
-26614 2
-26582 1
-26550 2
-26518 4
-26487 2
-26455 3
-26423 5
-26391 2
-26387 1
-26359 1
-26327 4
-26295 1
-26263 4
-26232 3
-26200 2
-26168 2
-26136 1
-26104 2
-26072 2
-26040 2
-26008 3
-26004 1
-25977 2
-25945 5
-25913 2
-25903 1
-25881 2
-25849 2
-25817 2
-25785 4
-25690 2
-25626 2
-25594 2
-25562 4
-25551 1
-25530 2
-25500 1
-25499 2
-25467 1
-25435 2
-25403 3
-25371 4
-25339 1
-25307 3
-25275 2
-25244 2
-25212 2
-25180 1
-25148 5
-25116 2
-25084 4
-25052 1
-25020 3
-24989 5
-24957 1
-24925 4
-24893 2
-24861 4
-24829 4
-24797 3
-24795 1
-24765 3
-24734 5
-24702 1
-24670 3
-24638 3
-24606 5
-24593 1
-24574 2
-24542 1
-24510 3
-24479 2
-24415 3
-24383 1
-24351 3
-24341 1
-24319 1
-24287 3
-24255 2
-24224 2
-24192 3
-24190 1
-24160 3
-24150 1
-24128 4
-24096 3
-24089 1
-24064 1
-24032 3
-24000 6
-23988 1
-23969 3
-23968 1
-23937 3
-23905 7
-23873 1
-23809 2
-23787 1
-23777 4
-23745 3
-23714 2
-23682 4
-23650 2
-23618 4
-23586 5
-23554 1
-23522 2
-23490 5
-23459 1
-23395 6
-23363 2
-23331 3
-23299 6
-23235 2
-23204 3
-23172 6
-23140 2
-23108 2
-23076 3
-23044 4
-23012 3
-22980 5
-22949 3
-22917 2
-22885 2
-22880 1
-22853 4
-22829 1
-22821 3
-22789 2
-22779 1
-22757 6
-22725 1
-22694 3
-22662 1
-22638 1
-22630 1
-22598 3
-22566 8
-22534 4
-22502 2
-22471 5
-22439 6
-22426 1
-22407 1
-22375 10
-22343 5
-22315 1
-22279 3
-22247 2
-22235 1
-22216 2
-22184 5
-22152 3
-22120 5
-22088 3
-22056 2
-22024 5
-21992 5
-21973 1
-21961 2
-21929 4
-21897 5
-21865 1
-21833 1
-21801 2
-21769 2
-21737 5
-21706 3
-21674 3
-21642 5
-21610 5
-21578 5
-21546 3
-21514 7
-21482 3
-21451 5
-21419 4
-21387 4
-21368 2
-21355 3
-21323 2
-21291 9
-21227 3
-21217 1
-21196 5
-21164 3
-21132 8
-21100 1
-21068 3
-21036 2
-21004 3
-20972 7
-20965 1
-20941 7
-20914 2
-20909 5
-20877 4
-20864 1
-20845 3
-20813 4
-20781 3
-20763 1
-20749 2
-20717 5
-20713 1
-20686 5
-20662 1
-20654 6
-20622 2
-20590 7
-20558 5
-20526 2
-20494 4
-20462 3
-20431 7
-20410 1
-20399 7
-20367 3
-20335 3
-20309 1
-20303 2
-20271 6
-20239 2
-20207 5
-20176 3
-20144 3
-20138 1
-20112 5
-20080 4
-20048 5
-20016 5
-20007 2
-19997 1
-19984 5
-19952 3
-19921 4
-19889 7
-19857 3
-19856 2
-19825 9
-19805 2
-19795 1
-19793 8
-19775 1
-19761 6
-19729 8
-19697 7
-19666 3
-19654 1
-19634 7
-19602 7
-19570 8
-19553 1
-19538 7
-19513 1
-19506 3
-19493 1
-19474 6
-19442 6
-19411 6
-19402 1
-19392 1
-19379 9
-19347 7
-19315 8
-19283 9
-19251 7
-19219 5
-19188 8
-19156 4
-19124 4
-19092 5
-19060 7
-19028 5
-18996 3
-18989 1
-18964 10
-18933 3
-18901 10
-18898 1
-18869 5
-18837 5
-18805 8
-18773 3
-18767 1
-18747 1
-18741 7
-18709 5
-18707 1
-18697 1
-18678 7
-18646 5
-18614 4
-18582 4
-18550 9
-18525 1
-18518 9
-18486 3
-18465 2
-18454 6
-18423 5
-18391 7
-18384 1
-18359 11
-18327 5
-18295 12
-18294 1
-18263 6
-18243 1
-18231 10
-18223 1
-18199 4
-18183 1
-18168 6
-18142 1
-18136 8
-18104 8
-18072 9
-18042 1
-18040 11
-18008 6
-17991 1
-17976 3
-17944 12
-17941 2
-17921 1
-17913 5
-17890 1
-17881 4
-17880 1
-17849 4
-17840 2
-17820 1
-17817 9
-17785 10
-17753 6
-17739 2
-17721 14
-17689 9
-17658 2
-17638 2
-17626 12
-17594 12
-17588 1
-17562 4
-17538 3
-17530 4
-17498 8
-17487 1
-17466 5
-17437 1
-17434 2
-17403 7
-17386 2
-17376 2
-17371 14
-17339 4
-17336 2
-17307 2
-17286 2
-17275 11
-17243 18
-17235 1
-17211 6
-17179 9
-17148 11
-17134 2
-17116 9
-17084 12
-17052 12
-17034 1
-17020 7
-17013 2
-16988 10
-16983 1
-16956 13
-16953 1
-16933 2
-16924 12
-16913 2
-16893 14
-16861 6
-16832 2
-16829 10
-16812 1
-16797 17
-16782 1
-16765 5
-16733 9
-16731 2
-16701 11
-16669 6
-16651 1
-16638 9
-16630 1
-16606 8
-16580 1
-16574 12
-16542 8
-16530 2
-16510 6
-16478 4
-16469 1
-16446 13
-16429 3
-16414 12
-16409 1
-16383 8
-16378 2
-16351 9
-16348 1
-16328 1
-16319 9
-16308 1
-16287 10
-16255 15
-16247 2
-16227 1
-16223 8
-16191 11
-16177 2
-16167 1
-16159 7
-16128 10
-16126 2
-16106 1
-16096 14
-16076 1
-16064 14
-16046 1
-16032 7
-16026 3
-16006 1
-16000 11
-15975 2
-15968 15
-15945 1
-15936 12
-15925 3
-15905 9
-15875 1
-15873 17
-15864 1
-15844 1
-15841 15
-15809 11
-15804 1
-15777 11
-15774 4
-15745 12
-15743 1
-15723 1
-15713 18
-15683 1
-15681 12
-15673 2
-15663 1
-15650 7
-15623 2
-15618 6
-15586 10
-15562 1
-15554 16
-15522 14
-15490 11
-15471 2
-15458 8
-15441 2
-15426 14
-15421 3
-15395 7
-15381 1
-15363 11
-15360 2
-15331 8
-15320 1
-15300 1
-15299 17
-15270 1
-15267 12
-15260 1
-15235 11
-15219 5
-15203 9
-15171 7
-15169 1
-15159 1
-15140 15
-15139 1
-15119 1
-15108 11
-15076 28
-15068 6
-15044 16
-15038 1
-15018 2
-15012 13
-14980 18
-14977 2
-14967 3
-14957 2
-14948 16
-14937 1
-14917 4
-14916 15
-14897 1
-14885 12
-14867 3
-14856 1
-14853 23
-14821 13
-14816 6
-14796 1
-14789 18
-14766 3
-14757 15
-14736 1
-14725 16
-14715 3
-14695 1
-14693 10
-14665 4
-14661 16
-14655 3
-14630 15
-14615 2
-14598 15
-14574 1
-14566 16
-14564 2
-14554 1
-14534 13
-14514 4
-14502 10
-14473 1
-14470 19
-14463 3
-14438 17
-14433 1
-14413 6
-14406 17
-14375 18
-14363 4
-14353 1
-14343 19
-14312 2
-14311 23
-14279 17
-14262 2
-14252 1
-14247 17
-14232 1
-14215 27
-14211 4
-14191 1
-14183 10
-14161 2
-14151 13
-14131 1
-14120 14
-14111 2
-14090 1
-14088 10
-14060 4
-14056 17
-14050 1
-14030 1
-14024 17
-14010 5
-13992 12
-13970 1
-13960 18
-13959 2
-13928 18
-13909 10
-13896 16
-13889 2
-13869 2
-13865 17
-13859 1
-13849 2
-13833 17
-13808 4
-13801 19
-13788 1
-13769 13
-13758 2
-13737 25
-13728 1
-13707 6
-13705 11
-13673 17
-13667 1
-13657 2
-13647 1
-13641 12
-13610 19
-13607 4
-13586 2
-13578 14
-13566 2
-13556 1
-13546 25
-13526 1
-13514 19
-13506 1
-13486 1
-13482 11
-13455 3
-13450 19
-13445 1
-13425 1
-13418 19
-13405 5
-13386 16
-13365 1
-13355 20
-13323 22
-13304 3
-13291 14
-13284 1
-13264 3
-13259 17
-13254 6
-13227 19
-13203 5
-13195 28
-13183 1
-13163 18
-13153 2
-13131 16
-13123 2
-13103 8
-13100 13
-13083 3
-13068 18
-13052 3
-13042 1
-13036 23
-13022 1
-13004 19
-13002 6
-12982 3
-12972 17
-12962 2
-12951 7
-12941 1
-12940 22
-12908 27
-12901 3
-12877 13
-12861 3
-12851 2
-12845 16
-12820 2
-12813 21
-12800 4
-12781 17
-12780 4
-12760 2
-12750 4
-12749 16
-12720 4
-12717 26
-12700 8
-12685 20
-12659 1
-12653 15
-12649 2
-12622 22
-12619 1
-12599 4
-12590 7
-12579 1
-12558 27
-12548 2
-12538 1
-12526 30
-12518 3
-12498 3
-12494 27
-12478 1
-12462 23
-12458 1
-12448 7
-12437 1
-12430 14
-12417 2
-12398 24
-12397 6
-12377 2
-12367 17
-12357 1
-12347 9
-12337 3
-12335 23
-12316 2
-12303 19
-12296 5
-12271 31
-12246 5
-12239 36
-12216 2
-12207 26
-12196 2
-12175 22
-12155 1
-12145 7
-12143 26
-12135 1
-12115 2
-12112 20
-12095 5
-12080 19
-12054 3
-12048 25
-12044 4
-12034 2
-12016 19
-11994 8
-11984 28
-11974 1
-11954 4
-11952 21
-11944 6
-11920 17
-11913 1
-11893 2
-11888 25
-11873 2
-11857 23
-11853 2
-11843 8
-11825 32
-11793 41
-11792 6
-11772 4
-11761 23
-11752 3
-11742 1
-11732 2
-11729 28
-11712 1
-11697 19
-11692 14
-11671 1
-11665 22
-11651 5
-11641 5
-11633 28
-11631 1
-11611 2
-11602 18
-11591 4
-11571 5
-11570 34
-11540 5
-11538 24
-11530 4
-11510 4
-11506 29
-11490 10
-11474 26
-11470 1
-11450 1
-11442 35
-11440 7
-11430 4
-11410 34
-11409 1
-11389 5
-11378 31
-11369 1
-11349 1
-11347 33
-11339 8
-11329 1
-11315 33
-11288 9
-11283 34
-11268 4
-11251 18
-11248 4
-11238 13
-11228 2
-11219 29
-11208 4
-11188 6
-11187 37
-11167 1
-11155 20
-11137 6
-11127 1
-11123 33
-11107 3
-11092 35
-11087 6
-11067 4
-11060 31
-11046 2
-11036 7
-11028 28
-11026 1
-11006 2
-10996 33
-10986 7
-10966 3
-10964 23
-10946 5
-10936 10
-10932 37
-10926 2
-10905 3
-10900 35
-10885 12
-10868 26
-10865 3
-10845 3
-10837 26
-10835 8
-10825 3
-10805 29
-10784 10
-10773 34
-10764 2
-10744 2
-10741 38
-10734 8
-10709 39
-10704 2
-10684 8
-10677 37
-10663 4
-10645 40
-10643 5
-10633 7
-10623 1
-10613 34
-10603 1
-10583 9
-10582 32
-10563 1
-10550 36
-10543 3
-10532 3
-10522 2
-10518 28
-10502 3
-10486 32
-10482 5
-10462 3
-10454 32
-10442 3
-10432 12
-10422 37
-10401 4
-10390 37
-10381 6
-10361 1
-10358 42
-10341 2
-10331 10
-10327 40
-10321 2
-10295 34
-10280 19
-10263 31
-10260 4
-10240 3
-10231 37
-10230 11
-10220 6
-10200 2
-10199 30
-10180 16
-10167 33
-10160 5
-10139 5
-10135 25
-10129 10
-10119 1
-10103 43
-10099 1
-10079 14
-10072 32
-10059 4
-10040 45
-10039 6
-10028 9
-10008 47
-9998 5
-9978 9
-9976 36
-9958 3
-9944 36
-9938 4
-9928 9
-9918 4
-9912 44
-9897 2
-9880 44
-9877 17
-9857 1
-9848 30
-9837 2
-9827 9
-9817 46
-9797 3
-9785 33
-9776 15
-9756 3
-9753 42
-9736 8
-9726 12
-9721 41
-9716 3
-9696 4
-9689 45
-9676 16
-9657 24
-9656 3
-9625 53
-9615 2
-9595 4
-9594 47
-9575 22
-9562 47
-9555 5
-9535 1
-9530 44
-9525 15
-9514 6
-9498 34
-9494 1
-9474 10
-9466 48
-9454 4
-9434 46
-9424 14
-9414 5
-9402 53
-9393 2
-9373 24
-9370 49
-9353 1
-9339 46
-9333 4
-9323 6
-9313 6
-9307 47
-9293 2
-9275 42
-9273 28
-9252 4
-9243 47
-9232 1
-9222 19
-9212 2
-9211 43
-9192 6
-9179 51
-9172 28
-9152 2
-9147 53
-9131 1
-9121 13
-9115 47
-9111 8
-9091 6
-9084 47
-9071 14
-9052 43
-9051 4
-9031 3
-9021 10
-9020 48
-9010 6
-8990 7
-8988 56
-8970 13
-8956 53
-8950 3
-8930 5
-8924 54
-8920 17
-8910 4
-8892 54
-8890 4
-8869 11
-8860 52
-8849 7
-8829 61
-8819 15
-8809 3
-8797 43
-8789 4
-8769 25
-8765 45
-8748 2
-8733 51
-8728 2
-8718 18
-8708 9
-8701 52
-8688 5
-8669 53
-8668 24
-8648 5
-8637 52
-8627 5
-8617 11
-8607 6
-8605 57
-8587 4
-8574 41
-8567 19
-8547 3
-8542 47
-8527 4
-8517 15
-8510 37
-8506 3
-8486 7
-8478 52
-8466 20
-8446 70
-8426 4
-8416 10
-8414 55
-8406 3
-8386 1
-8382 58
-8365 24
-8350 47
-8345 5
-8325 4
-8319 61
-8315 20
-8305 8
-8287 53
-8285 6
-8265 26
-8255 66
-8244 6
-8224 6
-8223 53
-8214 14
-8204 5
-8191 73
-8184 9
-8164 28
-8159 55
-8144 5
-8127 73
-8123 5
-8113 25
-8103 8
-8095 64
-8083 5
-8064 61
-8063 28
-8043 7
-8032 84
-8023 4
-8013 19
-8003 5
-8000 59
-7982 10
-7968 75
-7962 24
-7942 6
-7936 69
-7922 8
-7912 23
-7904 62
-7902 6
-7882 8
-7872 66
-7861 27
-7841 7
-7840 45
-7821 5
-7811 21
-7809 66
-7801 7
-7781 10
-7777 67
-7761 30
-7745 57
-7740 3
-7720 10
-7713 57
-7710 19
-7700 9
-7681 66
-7680 5
-7660 27
-7649 55
-7640 2
-7620 7
-7617 66
-7609 29
-7599 5
-7585 80
-7579 12
-7559 28
-7554 70
-7539 11
-7522 61
-7519 7
-7509 26
-7499 7
-7490 73
-7478 9
-7458 114
-7438 10
-7426 87
-7418 13
-7408 19
-7398 4
-7394 68
-7378 16
-7362 62
-7357 37
-7337 6
-7330 79
-7317 8
-7307 27
-7299 76
-7297 8
-7277 8
-7267 57
-7257 37
-7236 7
-7235 81
-7216 10
-7206 28
-7203 92
-7196 8
-7176 3
-7171 82
-7156 38
-7139 75
-7136 12
-7116 9
-7107 85
-7105 29
-7095 12
-7075 99
-7055 31
-7044 84
-7035 7
-7015 7
-7012 84
-7005 21
-6995 12
-6980 107
-6974 8
-6954 50
-6948 75
-6934 10
-6916 75
-6914 6
-6904 42
-6894 2
-6884 92
-6874 7
-6853 40
-6852 88
-6833 4
-6820 116
-6813 11
-6803 35
-6793 8
-6789 92
-6773 10
-6757 103
-6753 41
-6733 15
-6725 89
-6712 12
-6702 33
-6693 105
-6692 7
-6672 7
-6661 95
-6652 52
-6632 14
-6629 88
-6612 9
-6601 29
-6597 104
-6591 8
-6571 13
-6565 88
-6551 44
-6534 105
-6531 14
-6511 6
-6502 115
-6501 36
-6491 13
-6470 102
-6450 50
-6438 102
-6430 9
-6410 9
-6406 83
-6400 31
-6390 14
-6374 106
-6370 18
-6350 57
-6342 109
-6329 12
-6311 105
-6309 9
-6299 38
-6289 8
-6279 107
-6269 14
-6249 51
-6247 96
-6229 17
-6215 94
-6208 12
-6198 40
-6188 11
-6183 109
-6168 8
-6151 113
-6148 65
-6128 12
-6119 113
-6108 12
-6098 45
-6087 119
-6067 17
-6056 135
-6047 73
-6027 10
-6024 98
-6007 19
-5997 45
-5992 97
-5987 16
-5966 19
-5960 112
-5946 59
-5928 107
-5926 8
-5906 13
-5896 166
-5886 5
-5866 11
-5864 123
-5846 52
-5832 130
-5825 16
-5805 17
-5801 101
-5795 42
-5785 7
-5769 118
-5765 13
-5745 88
-5737 110
-5725 13
-5705 108
-5704 10
-5694 56
-5684 21
-5673 151
-5664 12
-5644 76
-5641 135
-5624 17
-5609 145
-5604 21
-5594 64
-5583 20
-5577 122
-5563 16
-5546 142
-5543 82
-5523 14
-5514 135
-5503 14
-5493 63
-5483 21
-5482 121
-5463 18
-5450 123
-5442 101
-5422 25
-5418 123
-5402 16
-5392 51
-5386 139
-5382 22
-5362 20
-5354 159
-5342 73
-5322 131
-5321 30
-5301 20
-5291 193
-5281 21
-5261 18
-5259 141
-5241 85
-5227 152
-5221 15
-5200 19
-5195 165
-5190 85
-5180 23
-5163 158
-5160 16
-5140 94
-5131 146
-5120 15
-5100 24
-5099 140
-5090 77
-5080 21
-5067 172
-5059 22
-5039 84
-5036 141
-5019 28
-5004 133
-4999 33
-4989 78
-4979 28
-4972 146
-4959 29
-4940 153
-4938 102
-4918 27
-4908 162
-4898 23
-4888 87
-4878 27
-4876 151
-4858 21
-4844 135
-4838 117
-4817 24
-4812 164
-4797 34
-4787 78
-4781 154
-4777 39
-4757 32
-4749 156
-4737 99
-4717 188
-4696 35
-4686 96
-4685 167
-4676 28
-4656 27
-4653 160
-4636 113
-4621 180
-4616 30
-4596 25
-4589 166
-4586 95
-4576 23
-4557 188
-4555 25
-4535 115
-4526 186
-4515 33
-4495 20
-4494 194
-4485 100
-4475 26
-4462 200
-4455 29
-4434 137
-4430 220
-4414 23
-4398 201
-4394 30
-4384 107
-4374 36
-4366 187
-4354 33
-4334 354
-4313 36
-4302 218
-4293 29
-4283 124
-4273 40
-4271 188
-4253 30
-4239 205
-4233 180
-4213 36
-4207 220
-4193 37
-4182 124
-4175 203
-4172 37
-4152 37
-4143 220
-4132 156
-4112 39
-4111 221
-4092 31
-4082 107
-4079 215
-4072 39
-4051 41
-4047 211
-4031 170
-4016 206
-4011 39
-3991 33
-3984 257
-3981 144
-3971 39
-3952 227
-3951 26
-3930 175
-3920 244
-3910 43
-3890 42
-3888 253
-3880 127
-3870 52
-3856 229
-3850 34
-3830 206
-3824 240
-3810 46
-3792 247
-3789 42
-3779 161
-3769 50
-3761 293
-3749 43
-3729 453
-3709 46
-3697 299
-3689 49
-3678 159
-3668 56
-3665 281
-3648 47
-3633 248
-3628 211
-3608 36
-3601 283
-3588 42
-3578 179
-3569 262
-3568 49
-3547 52
-3537 278
-3527 209
-3507 45
-3506 285
-3487 56
-3477 158
-3474 282
-3467 55
-3447 52
-3442 255
-3426 253
-3410 303
-3406 65
-3386 50
-3378 270
-3376 211
-3366 59
-3346 368
-3326 270
-3314 319
-3306 72
-3285 52
-3282 326
-3275 215
-3265 56
-3251 316
-3245 60
-3225 228
-3219 330
-3205 76
-3187 310
-3185 56
-3175 225
-3164 68
-3155 352
-3144 58
-3124 304
-3123 327
-3104 83
-3091 375
-3084 67
-3074 214
-3064 79
-3059 313
-3043 69
-3028 380
-3023 316
-3003 65
-2996 356
-2983 54
-2973 242
-2964 357
-2963 63
-2943 74
-2932 392
-2923 328
-2902 71
-2900 365
-2882 84
-2872 277
-2868 346
-2862 87
-2842 82
-2836 370
-2822 358
-2804 374
-2802 77
-2781 68
-2773 400
-2771 265
-2761 76
-2741 496
-2721 392
-2709 420
-2701 81
-2681 83
-2677 452
-2671 298
-2660 90
-2645 434
-2640 92
-2620 370
-2613 437
-2600 97
-2581 418
-2580 91
-2570 327
-2560 103
-2549 441
-2540 104
-2519 409
-2518 461
-2499 99
-2486 452
-2479 97
-2469 334
-2459 96
-2454 447
-2439 90
-2422 476
-2419 446
-2398 109
-2390 512
-2378 107
-2368 415
-2358 627
-2338 97
-2326 473
-2318 512
-2298 106
-2294 541
-2277 132
-2267 402
-2263 520
-2257 124
-2237 128
-2231 602
-2217 515
-2199 583
-2197 110
-2177 145
-2167 964
-2156 133
-2136 119
-2135 585
-2116 549
-2103 601
-2096 148
-2076 125
-2071 607
-2066 491
-2056 152
-2039 616
-2036 125
-2015 599
-2008 657
-1995 144
-1976 613
-1975 142
-1965 473
-1955 144
-1944 699
-1935 167
-1915 680
-1912 659
-1894 157
-1880 676
-1874 151
-1864 525
-1854 155
-1848 728
-1834 165
-1816 754
-1814 775
-1794 168
-1784 768
-1773 185
-1763 583
-1753 918
-1733 205
-1721 772
-1713 721
-1693 182
-1689 819
-1673 203
-1663 652
-1657 812
-1653 209
-1632 183
-1625 855
-1612 852
-1593 895
-1592 202
-1572 209
-1562 711
-1561 896
-1552 230
-1532 209
-1529 920
-1511 887
-1498 970
-1491 217
-1471 236
-1466 984
-1461 740
-1451 229
-1434 1003
-1431 233
-1411 1012
-1402 1007
-1390 267
-1370 1334
-1360 803
-1350 270
-1338 1133
-1330 252
-1310 1147
-1306 1153
-1290 274
-1274 1180
-1270 279
-1259 875
-1249 298
-1243 1186
-1229 288
-1211 1177
-1209 1260
-1189 317
-1179 1322
-1169 323
-1159 1033
-1149 346
-1147 1395
-1128 343
-1115 1395
-1108 1332
-1088 326
-1083 1413
-1068 364
-1058 986
-1051 1497
-1048 371
-1028 402
-1019 1582
-1007 1522
-988 1643
-987 381
-967 438
-957 1204
-956 1662
-947 399
-927 427
-924 1731
-907 1687
-892 1840
-886 465
-866 477
-860 1876
-856 1358
-846 500
-828 1937
-826 466
-806 1885
-796 2089
-786 498
-766 506
-764 2156
-755 1510
-745 530
-733 2302
-725 589
-705 2217
-701 2392
-685 642
-669 2522
-665 702
-655 1707
-645 696
-637 2629
-624 751
-605 2830
-604 2518
-584 840
-573 2921
-564 865
-554 1945
-544 896
-541 3021
-524 912
-509 3270
-503 3158
-483 1025
-478 3429
-463 1023
-453 2442
-446 3772
-443 1130
-423 1250
-414 4058
-403 3950
-383 1351
-382 4327
-362 1559
-352 2874
-350 4646
-342 1649
-322 1818
-318 5041
-302 5090
-286 5909
-282 2160
-262 2282
-254 6394
-251 3679
-241 2532
-223 7083
-221 2804
-201 7237
-191 7976
-181 3417
-161 3946
-159 8887
-151 4584
-141 4221
-127 10044
-120 4637
-100 10266
-95 11054
-80 5580
-63 11969
-60 5985
-50 5705
-40 6304
-31 12637
-20 6654
0 25813
20 6446
31 12671
40 6349
50 5620
60 5929
63 12070
80 5581
95 11046
100 10580
120 4809
127 10031
141 4163
151 4891
159 8983
161 3905
181 3487
191 7978
201 7339
221 2783
223 7128
241 2597
251 3875
254 6328
262 2361
282 2156
286 5697
302 5313
318 5188
322 1815
342 1618
350 4745
352 3120
362 1527
382 4348
383 1353
403 4179
414 4018
423 1196
443 1158
446 3715
453 2559
463 1090
478 3442
483 1087
503 3282
509 3282
524 907
541 3151
544 824
554 2095
564 836
573 2867
584 844
604 2747
605 2732
624 701
637 2656
645 686
655 1912
665 661
669 2562
685 629
701 2376
705 2322
725 583
733 2290
745 555
755 1701
764 2178
766 600
786 520
796 2019
806 2075
826 472
828 2000
846 476
856 1506
860 2013
866 473
886 451
892 1923
907 1731
924 1743
927 401
947 411
956 1702
957 1272
967 422
987 406
988 1588
1007 1609
1019 1538
1028 336
1048 391
1051 1459
1058 1125
1068 356
1083 1420
1088 357
1108 1432
1115 1399
1128 334
1147 1396
1149 316
1159 1059
1169 324
1179 1293
1189 320
1209 1280
1211 1295
1229 301
1243 1277
1249 278
1259 960
1270 277
1274 1149
1290 317
1306 1178
1310 1105
1330 255
1338 1102
1350 271
1360 873
1370 1269
1390 206
1402 1027
1411 1087
1431 243
1434 950
1451 226
1461 816
1466 1037
1471 250
1491 231
1498 977
1511 969
1529 922
1532 235
1552 210
1561 877
1562 751
1572 227
1592 178
1593 914
1612 878
1625 834
1632 218
1653 181
1657 810
1663 673
1673 204
1689 815
1693 194
1713 792
1721 794
1733 182
1753 934
1763 577
1773 170
1784 742
1794 167
1814 712
1816 730
1834 146
1848 715
1854 137
1864 560
1874 150
1880 697
1894 152
1912 637
1915 696
1935 145
1944 710
1955 140
1965 473
1975 146
1976 631
1995 131
2008 568
2015 702
2036 144
2039 619
2056 156
2066 466
2071 632
2076 138
2096 140
2103 588
2116 605
2135 605
2136 135
2156 145
2167 981
2177 137
2197 122
2199 552
2217 544
2231 498
2237 102
2257 111
2263 542
2267 428
2277 134
2294 543
2298 125
2318 559
2326 515
2338 112
2358 590
2368 379
2378 110
2390 483
2398 109
2419 471
2422 494
2439 100
2454 467
2459 81
2469 368
2479 100
2486 476
2499 85
2518 437
2519 459
2540 116
2549 423
2560 100
2570 334
2580 87
2581 433
2600 94
2613 415
2620 413
2640 99
2645 407
2660 85
2671 342
2677 443
2681 91
2701 77
2709 390
2721 376
2741 491
2761 85
2771 291
2773 440
2781 78
2802 81
2804 369
2822 316
2836 410
2842 66
2862 62
2868 367
2872 262
2882 84
2900 373
2902 68
2923 339
2932 387
2943 73
2963 71
2964 342
2973 266
2983 61
2996 330
3003 71
3023 298
3028 321
3043 65
3059 332
3064 73
3074 242
3084 75
3091 328
3104 69
3123 361
3124 293
3144 62
3155 341
3164 64
3175 202
3185 60
3187 342
3205 57
3219 339
3225 248
3245 76
3251 335
3265 55
3275 189
3282 290
3285 58
3306 63
3314 313
3326 257
3346 330
3366 49
3376 204
3378 316
3386 56
3406 60
3410 276
3426 242
3442 261
3447 50
3467 51
3474 294
3477 173
3487 63
3506 259
3507 39
3527 220
3537 314
3547 51
3568 70
3569 263
3578 147
3588 56
3601 263
3608 57
3628 209
3633 257
3648 55
3665 224
3668 49
3678 152
3689 40
3697 278
3709 52
3729 416
3749 46
3761 241
3769 37
3779 152
3789 39
3792 268
3810 41
3824 251
3830 162
3850 40
3856 222
3870 49
3880 168
3888 260
3890 37
3910 41
3920 258
3930 165
3951 34
3952 206
3971 39
3981 158
3984 213
3991 38
4011 32
4016 230
4031 155
4047 221
4051 38
4072 25
4079 208
4082 139
4092 41
4111 205
4112 45
4132 153
4143 220
4152 35
4172 36
4175 219
4182 125
4193 28
4207 227
4213 32
4233 140
4239 204
4253 36
4271 219
4273 33
4283 113
4293 28
4302 193
4313 38
4334 343
4354 34
4366 208
4374 28
4384 110
4394 32
4398 186
4414 35
4430 212
4434 151
4455 22
4462 197
4475 30
4485 93
4494 201
4495 26
4515 33
4526 173
4535 119
4555 25
4557 217
4576 23
4586 92
4589 186
4596 26
4616 27
4621 195
4636 126
4653 158
4656 25
4676 29
4685 189
4686 72
4696 31
4717 215
4737 92
4749 153
4757 35
4777 39
4781 174
4787 81
4797 30
4812 149
4817 36
4838 114
4844 155
4858 27
4876 152
4878 25
4888 59
4898 19
4908 180
4918 25
4938 102
4940 136
4959 16
4972 150
4979 32
4989 74
4999 26
5004 189
5019 26
5036 158
5039 91
5059 25
5067 154
5080 26
5090 73
5099 151
5100 31
5120 16
5131 155
5140 85
5160 24
5163 161
5180 13
5190 67
5195 172
5200 24
5221 23
5227 173
5241 88
5259 127
5261 28
5281 20
5291 228
5301 20
5321 14
5322 151
5342 97
5354 154
5362 20
5382 18
5386 130
5392 49
5402 27
5418 164
5422 23
5442 77
5450 150
5463 10
5482 128
5483 15
5493 56
5503 12
5514 134
5523 13
5543 74
5546 132
5563 25
5577 139
5583 18
5594 54
5604 11
5609 133
5624 18
5641 143
5644 63
5664 10
5673 110
5684 12
5694 46
5704 23
5705 109
5725 23
5737 120
5745 86
5765 12
5769 127
5785 19
5795 52
5801 123
5805 16
5825 20
5832 122
5846 65
5864 127
5866 18
5886 14
5896 163
5906 18
5926 16
5928 109
5946 74
5960 113
5966 22
5987 14
5992 120
5997 37
6007 6
6024 106
6027 15
6047 58
6056 113
6067 13
6087 112
6098 49
6108 17
6119 126
6128 17
6148 58
6151 121
6168 13
6183 105
6188 15
6198 40
6208 10
6215 119
6229 20
6247 111
6249 48
6269 8
6279 111
6289 10
6299 37
6309 15
6311 104
6329 17
6342 102
6350 45
6370 11
6374 103
6390 9
6400 35
6406 86
6410 16
6430 8
6438 102
6450 57
6470 123
6491 11
6501 47
6502 85
6511 10
6531 10
6534 114
6551 48
6565 80
6571 14
6591 10
6597 100
6601 33
6612 15
6629 111
6632 10
6652 44
6661 101
6672 10
6692 9
6693 93
6702 33
6712 5
6725 89
6733 5
6753 52
6757 82
6773 12
6789 91
6793 13
6803 32
6813 8
6820 88
6833 9
6852 93
6853 48
6874 9
6884 87
6894 11
6904 30
6914 5
6916 90
6934 5
6948 78
6954 43
6974 11
6980 89
6995 8
7005 39
7012 77
7015 5
7035 7
7044 82
7055 45
7075 110
7095 7
7105 29
7107 81
7116 4
7136 11
7139 85
7156 35
7171 71
7176 5
7196 7
7203 71
7206 43
7216 9
7235 85
7236 9
7257 44
7267 71
7277 7
7297 13
7299 78
7307 31
7317 9
7330 83
7337 9
7357 33
7362 91
7378 6
7394 74
7398 4
7408 30
7418 11
7426 82
7438 8
7458 106
7478 9
7490 65
7499 6
7509 25
7519 1
7522 66
7539 8
7554 65
7559 30
7579 5
7585 68
7599 12
7609 20
7617 80
7620 3
7640 8
7649 71
7660 27
7680 4
7681 64
7700 6
7710 28
7713 82
7720 7
7740 8
7745 74
7761 25
7777 64
7781 9
7801 3
7809 60
7811 28
7821 10
7840 54
7841 10
7861 35
7872 67
7882 5
7902 8
7904 59
7912 16
7922 7
7936 79
7942 5
7962 19
7968 59
7982 9
8000 55
8003 9
8013 16
8023 5
8032 55
8043 6
8063 17
8064 52
8083 11
8095 65
8103 2
8113 16
8123 7
8127 62
8144 6
8159 83
8164 27
8184 6
8191 69
8204 8
8214 19
8223 58
8224 4
8244 5
8255 56
8265 14
8285 3
8287 60
8305 8
8315 12
8319 48
8325 5
8345 8
8350 60
8365 22
8382 56
8386 7
8406 5
8414 49
8416 19
8426 4
8446 75
8466 17
8478 46
8486 5
8506 6
8510 57
8517 17
8527 5
8542 56
8547 4
8567 13
8574 57
8587 5
8605 58
8607 7
8617 16
8627 6
8637 52
8648 7
8668 14
8669 58
8688 6
8701 47
8708 5
8718 10
8728 10
8733 49
8748 7
8765 57
8769 24
8789 5
8797 45
8809 5
8819 16
8829 52
8849 3
8860 46
8869 16
8890 3
8892 53
8910 4
8920 19
8924 55
8950 5
8956 33
8970 11
8988 36
8990 6
9010 4
9020 53
9021 8
9031 11
9051 2
9052 53
9071 16
9084 40
9091 7
9111 1
9115 38
9121 5
9131 2
9147 53
9152 1
9172 19
9179 47
9192 3
9211 47
9212 2
9222 9
9232 2
9243 43
9252 2
9273 11
9275 58
9293 4
9307 40
9313 2
9323 5
9333 4
9339 53
9353 3
9370 43
9373 16
9393 7
9402 42
9414 1
9424 13
9434 43
9466 47
9474 14
9494 7
9498 53
9514 4
9525 11
9530 52
9535 2
9555 2
9562 41
9575 13
9594 48
9595 1
9615 1
9625 67
9635 5
9656 3
9657 52
9676 18
9689 34
9696 4
9716 4
9721 38
9726 8
9736 3
9753 52
9756 9
9776 13
9785 36
9797 6
9817 47
9827 10
9837 3
9848 35
9857 2
9877 8
9880 37
9897 3
9912 31
9918 2
9928 2
9938 1
9944 36
9958 4
9976 34
9978 15
9998 4
10008 41
10018 4
10028 8
10039 3
10040 41
10059 5
10072 44
10079 8
10099 5
10103 50
10119 6
10129 12
10135 33
10139 3
10160 2
10167 35
10180 15
10199 31
10200 4
10220 1
10230 7
10231 34
10240 3
10260 4
10263 37
10280 13
10295 51
10301 5
10327 37
10331 3
10341 3
10358 42
10361 3
10381 9
10390 36
10401 1
10422 45
10432 4
10442 3
10454 39
10462 1
10482 14
10486 35
10502 4
10518 29
10522 1
10532 7
10543 3
10550 30
10563 4
10582 34
10583 11
10603 1
10613 28
10633 5
10643 2
10645 31
10663 2
10677 26
10684 8
10704 3
10709 24
10724 1
10734 2
10741 35
10744 1
10764 3
10773 34
10784 8
10805 37
10825 2
10835 8
10837 26
10845 2
10865 3
10868 31
10885 5
10900 26
10905 2
10926 5
10932 25
10936 6
10946 2
10964 38
10966 1
10986 8
10996 39
11006 2
11026 2
11028 33
11036 9
11046 3
11060 37
11067 4
11087 9
11092 35
11107 2
11123 27
11127 2
11137 2
11147 1
11155 23
11167 1
11187 27
11188 7
11208 1
11219 31
11228 1
11238 4
11248 3
11251 25
11268 1
11283 29
11288 8
11309 2
11315 22
11329 4
11339 6
11347 18
11349 1
11369 1
11378 24
11389 6
11410 25
11430 3
11440 5
11442 27
11474 33
11490 4
11506 23
11510 4
11530 1
11538 19
11540 3
11550 2
11570 30
11571 2
11591 2
11602 23
11611 1
11631 1
11633 12
11641 3
11651 3
11665 15
11692 7
11697 23
11712 3
11729 20
11742 9
11752 3
11761 20
11772 1
11792 6
11793 26
11813 2
11825 11
11833 1
11843 6
11853 2
11857 32
11873 1
11888 27
11893 4
11913 3
11920 22
11933 3
11944 5
11952 19
11954 3
11974 2
11984 27
11994 3
12014 1
12016 18
12044 3
12048 18
12054 2
12075 2
12080 28
12095 6
12112 21
12115 3
12135 1
12143 21
12145 2
12175 20
12196 7
12207 22
12216 1
12236 1
12239 24
12246 3
12256 4
12271 19
12276 2
12296 4
12303 18
12335 17
12347 5
12367 24
12397 2
12398 23
12417 2
12430 19
12448 5
12458 1
12462 15
12478 2
12494 23
12498 6
12518 1
12526 20
12548 2
12558 20
12579 1
12590 20
12599 4
12619 2
12622 22
12639 1
12649 4
12653 19
12685 13
12700 5
12717 11
12720 2
12740 1
12749 27
12750 6
12780 1
12781 25
12800 5
12813 30
12820 2
12841 1
12845 14
12851 3
12861 2
12877 22
12901 5
12908 27
12921 2
12940 22
12951 3
12972 26
12982 2
13002 4
13004 24
13036 17
13052 3
13062 1
13068 15
13083 1
13100 25
13103 1
13131 22
13143 1
13153 5
13163 17
13195 21
13203 6
13227 18
13254 1
13259 13
13264 1
13284 3
13291 16
13304 2
13323 21
13324 1
13345 2
13355 19
13385 1
13386 6
13405 4
13418 22
13425 1
13445 2
13450 17
13455 1
13482 25
13506 4
13514 15
13546 18
13556 3
13578 11
13607 2
13610 16
13641 12
13657 4
13673 11
13687 1
13705 23
13707 3
13728 3
13737 11
13758 5
13768 2
13769 18
13801 21
13808 3
13833 19
13849 1
13859 2
13865 18
13889 2
13896 18
13909 5
13928 18
13959 3
13960 17
13970 1
13992 16
14010 5
14024 13
14050 1
14056 11
14060 4
14088 16
14111 4
14120 9
14131 2
14151 7
14171 2
14183 11
14211 4
14215 14
14247 13
14262 1
14272 1
14279 7
14311 6
14332 1
14343 23
14363 3
14373 2
14375 20
14393 1
14406 14
14413 3
14438 16
14453 2
14463 1
14470 11
14502 20
14514 4
14534 23
14554 1
14564 3
14566 15
14594 1
14598 21
14615 2
14630 14
14635 1
14661 15
14665 3
14675 1
14693 10
14715 2
14725 7
14756 1
14757 20
14776 1
14789 15
14816 3
14821 12
14836 1
14853 11
14856 1
14877 4
14885 14
14916 13
14917 2
14937 1
14948 11
14967 4
14980 17
15012 9
15018 4
15038 2
15044 11
15076 11
15078 1
15108 11
15119 2
15140 12
15169 3
15171 15
15203 13
15235 12
15267 16
15270 1
15280 1
15299 17
15320 2
15331 10
15340 1
15363 14
15371 2
15395 15
15421 3
15426 15
15458 8
15471 1
15490 9
15502 1
15522 12
15554 12
15572 1
15582 1
15586 22
15618 16
15623 2
15643 3
15650 8
15663 1
15673 1
15681 15
15703 1
15713 4
15723 3
15745 14
15774 3
15777 8
15784 1
15809 13
15824 3
15841 18
15864 1
15873 10
15875 2
15905 13
15925 1
15936 13
15945 1
15965 2
15968 10
15975 2
16000 8
16026 3
16032 12
16046 2
16064 14
16076 1
16096 10
16147 1
16159 9
16191 12
16207 1
16223 9
16255 10
16278 1
16287 10
16308 2
16319 12
16328 1
16351 11
16378 2
16383 9
16414 3
16429 1
16446 9
16469 1
16478 11
16479 1
16489 1
16510 7
16530 2
16542 9
16574 8
16580 1
16590 2
16606 9
16630 1
16638 10
16651 1
16669 10
16681 4
16701 10
16731 3
16733 6
16765 9
16772 1
16797 5
16829 6
16861 4
16893 12
16913 1
16924 7
16933 1
16956 10
16983 3
16988 4
17020 7
17034 3
17052 6
17084 11
17116 10
17134 1
17148 9
17175 1
17179 6
17185 2
17211 7
17235 1
17243 8
17275 9
17307 9
17336 4
17339 8
17371 4
17386 1
17403 3
17434 2
17457 1
17466 4
17487 2
17497 2
17498 8
17530 8
17538 3
17562 8
17594 6
17626 10
17638 1
17658 12
17689 9
17719 1
17721 6
17739 2
17753 12
17785 11
17790 1
17817 6
17840 3
17849 16
17881 3
17890 2
17913 10
17941 2
17944 6
17961 1
17976 5
18008 12
18021 1
18040 7
18042 1
18072 14
18092 1
18102 1
18104 8
18136 7
18142 1
18168 3
18199 9
18231 5
18243 1
18263 7
18294 1
18295 4
18324 1
18327 3
18344 1
18359 5
18391 9
18394 3
18423 4
18445 2
18454 6
18465 1
18486 4
18495 2
18518 4
18525 1
18546 2
18550 6
18582 7
18596 1
18606 1
18614 9
18626 1
18646 4
18678 13
18687 1
18697 1
18709 3
18741 2
18773 1
18787 1
18798 1
18805 3
18837 5
18848 2
18868 1
18869 6
18901 3
18933 6
18949 2
18964 2
18996 6
18999 2
19028 4
19060 6
19070 1
19092 5
19124 7
19150 3
19156 2
19188 9
19191 1
19219 6
19251 7
19283 5
19315 2
19347 6
19379 3
19411 7
19442 6
19473 1
19474 6
19503 2
19506 8
19538 2
19553 3
19570 8
19602 2
19634 7
19666 5
19695 1
19697 4
19729 8
19755 2
19761 6
19793 5
19805 1
19825 5
19836 2
19857 6
19889 7
19896 1
19906 2
19921 5
19952 8
19984 7
19997 1
20016 8
20017 1
20048 1
20057 2
20080 7
20108 1
20112 6
20144 4
20158 1
20176 5
20199 1
20207 6
20239 7
20271 6
20299 1
20303 5
20309 1
20335 6
20367 5
20399 4
20410 3
20431 3
20440 1
20462 5
20494 1
20511 1
20526 6
20558 5
20561 1
20590 6
20612 2
20622 4
20654 4
20686 10
20717 8
20749 6
20763 1
20781 1
20813 6
20845 5
20877 1
20909 2
20914 1
20941 5
20972 3
21004 2
21015 1
21036 6
21068 8
21100 7
21132 5
21164 6
21166 1
21196 5
21217 1
21227 3
21259 6
21291 3
21323 4
21355 2
21368 1
21387 3
21418 1
21419 6
21451 4
21469 1
21514 5
21519 1
21546 2
21578 3
21610 2
21642 5
21674 3
21706 1
21737 2
21769 2
21801 2
21821 1
21833 3
21865 6
21872 2
21892 1
21897 4
21929 4
21961 4
21992 3
22024 3
22056 4
22073 1
22088 4
22120 4
22124 2
22152 1
22174 2
22184 8
22216 4
22247 5
22275 1
22279 3
22311 5
22375 8
22376 1
22407 2
22439 2
22471 5
22476 2
22502 3
22527 2
22534 2
22537 1
22566 5
22577 2
22598 5
22628 2
22630 1
22662 4
22678 3
22694 3
22725 2
22757 1
22789 1
22821 4
22853 4
22880 1
22885 2
22917 3
22930 1
22949 2
22980 3
23001 1
23012 4
23031 2
23044 6
23076 3
23081 1
23132 1
23140 1
23172 3
23204 4
23232 1
23235 5
23267 5
23299 4
23331 6
23363 3
23395 1
23427 5
23459 2
23484 1
23490 3
23522 2
23535 1
23545 1
23554 1
23585 2
23586 1
23618 3
23636 1
23650 4
23682 6
23736 2
23745 1
23767 1
23777 6
23787 1
23807 1
23809 1
23837 1
23841 1
23873 1
23888 3
23905 2
23937 1
23969 2
24000 2
24032 7
24064 3
24089 1
24096 1
24109 1
24128 1
24140 1
24160 2
24192 4
24224 4
24255 1
24287 1
24291 2
24311 1
24319 3
24341 1
24383 1
24392 1
24442 1
24447 4
24479 3
24492 1
24510 2
24542 2
24574 2
24606 3
24638 5
24670 2
24694 1
24702 6
24734 2
24765 4
24795 1
24797 2
24829 3
24855 1
24861 2
24893 2
24896 1
24925 2
24946 1
24957 1
24989 1
24996 1
25020 2
25047 1
25052 2
25097 1
25116 2
25148 2
25180 2
25212 4
25244 5
25248 1
25275 1
25299 1
25307 3
25339 3
25349 1
25400 3
25403 1
25435 1
25467 2
25499 1
25500 3
25530 4
25551 1
25581 1
25594 1
25601 2
25626 2
25651 1
25658 6
25690 1
25702 2
25722 1
25785 2
25817 3
25849 1
25853 1
25881 2
25903 1
25913 4
25977 1
26004 6
26008 2
26040 4
26055 1
26072 1
26136 1
26168 1
26200 1
26206 1
26232 1
26256 1
26263 2
26295 4
26327 1
26357 2
26359 2
26391 4
26407 3
26455 2
26508 3
26518 3
26559 1
26582 3
26614 4
26646 1
26659 1
26678 1
26710 5
26730 1
26742 1
26760 1
26773 1
26805 1
26811 2
26837 4
26861 3
26869 1
26901 2
26911 2
26933 2
26965 4
27012 2
27060 1
27063 1
27113 2
27156 1
27163 1
27188 1
27220 1
27252 2
27264 3
27335 1
27347 1
27365 1
27379 2
27411 2
27415 1
27443 2
27456 1
27466 1
27475 1
27507 2
27516 3
27538 1
27556 1
27567 3
27570 3
27602 1
27617 2
27698 1
27718 1
27730 2
27768 1
27793 1
27819 3
27825 2
27857 2
27869 2
27889 2
27919 1
27921 3
27953 3
27970 1
27985 3
28017 2
28048 1
28071 1
28112 2
28121 2
28144 1
28171 1
28176 1
28208 4
28222 1
28272 2
28323 1
28335 1
28367 5
28373 2
28399 1
28423 1
28431 2
28463 1
28474 1
28495 1
28524 2
28527 1
28558 1
28575 3
28622 1
28625 2
28654 1
28675 4
28718 3
28726 2
28750 2
28776 7
28782 2
28813 1
28927 2
28941 2
28978 1
29005 1
29028 2
29036 1
29068 2
29228 1
29230 1
29260 2
29291 1
29330 1
29381 1
29387 1
29431 3
29451 1
29482 2
29483 2
29532 1
29546 3
29582 2
29610 1
29633 2
29706 1
29734 2
29738 1
29784 1
29834 12
29865 1
29885 5
29935 2
29961 2
29986 3
30036 1
30056 3
30086 2
30088 2
30137 3
30184 1
30187 2
30216 2
30238 4
30280 1
30288 5
30311 1
30338 6
30343 1
30389 2
30407 1
30471 2
30490 1
30503 2
30535 1
30540 7
30566 1
30590 6
30598 1
30630 1
30641 7
30662 2
30691 4
30694 1
30726 2
30742 6
30758 2
30792 1
30842 3
30893 2
30943 5
30949 1
30994 3
31013 2
31044 3
31076 2
31094 5
31108 2
31140 1
31145 8
31172 2
31195 7
31236 1
31246 4
31268 2
31296 4
31300 3
31331 2
31346 8
31363 1
31397 7
31427 1
31447 4
31459 1
31498 7
31548 7
31598 8
31618 1
31649 8
31650 2
31699 6
31750 7
31800 3
31841 2
31850 8
31901 7
31905 1
31931 1
31937 2
31951 9
31969 1
32001 10
32052 10
32065 1
32096 2
32102 9
32128 1
32153 9
32203 9
32224 1
32253 7
32256 1
32304 6
32354 8
32405 7
32415 2
32447 1
32455 9
32479 1
32505 5
32556 7
32606 4
32657 13
32670 1
32707 5
32734 1
32757 16
32808 4
32829 1
32858 13
32861 1
32893 3
32909 6
32957 1
32959 7
33009 2
33053 1
33060 12
33110 11
33161 13
33180 1
33211 12
33212 2
33244 2
33261 11
33276 1
33308 1
33312 8
33362 9
33403 1
33413 7
33463 11
33467 1
33513 10
33564 9
33614 11
33665 7
33690 1
33715 14
33765 15
33816 12
33818 1
33866 13
33917 11
33945 1
33967 14
33977 1
34009 2
34017 10
34068 17
34118 15
34169 12
34219 10
34269 11
34320 15
34359 1
34370 15
34421 13
34455 1
34471 15
34487 1
34521 21
34551 1
34572 12
34614 3
34622 12
34646 2
34673 12
34678 1
34723 16
34742 1
34773 18
34806 1
34824 14
34838 3
34869 1
34874 14
34925 9
34975 8
35025 13
35061 2
35076 13
35126 16
35156 1
35176 11
35188 1
35220 1
35227 13
35277 6
35328 11
35378 16
35428 12
35479 17
35529 17
35539 1
35580 13
35630 13
35666 1
35680 10
35731 11
35781 13
35794 1
35826 1
35832 9
35857 1
35882 11
35932 12
35983 11
36033 5
36084 13
36134 14
36184 18
36235 18
36240 1
36285 17
36336 22
36367 1
36386 15
36399 1
36431 2
36436 8
36463 1
36487 9
36527 1
36537 10
36588 18
36638 9
36688 14
36718 1
36739 13
36750 1
36789 15
36840 16
36846 1
36890 13
36940 19
36991 11
37041 25
37092 14
37132 2
37142 16
37192 16
37243 15
37260 1
37292 1
37293 8
37324 1
37344 12
37394 18
37444 11
37451 1
37495 20
37545 15
37596 12
37646 7
37696 19
37747 12
37797 11
37802 1
37834 1
37848 12
37898 13
37948 8
37961 1
37999 10
38049 16
38100 15
38150 21
38152 1
38200 11
38251 15
38301 17
38321 1
38344 1
38351 11
38402 9
38407 1
38439 1
38452 12
38503 12
38553 8
38567 1
38599 1
38603 9
38654 23
38662 1
38704 13
38755 16
38805 12
38822 2
38855 23
38906 16
38949 1
38956 15
39007 12
39057 18
39077 1
39107 13
39158 19
39208 16
39259 20
39309 15
39332 1
39359 15
39410 18
39427 1
39460 17
39491 1
39511 12
39555 2
39561 15
39587 1
39611 17
39619 2
39650 1
39662 20
39712 19
39763 13
39813 18
39842 2
39863 12
39874 1
39914 15
39964 13
40001 1
40015 13
40065 19
40115 17
40166 17
40216 18
40267 14
40317 15
40367 19
40415 1
40418 21
40468 17
40519 10
40543 1
40569 10
40575 1
40619 21
40670 19
40720 23
40771 17
40798 1
40821 11
40871 16
40922 17
40972 16
41023 14
41073 22
41123 19
41174 18
41224 11
41275 15
41325 24
41375 14
41426 6
41476 13
41527 26
41577 16
41627 19
41678 13
41728 15
41778 19
41829 18
41879 10
41930 13
41977 1
41980 17
42030 10
42041 1
42081 20
42131 16
42137 1
42182 24
42232 17
42264 1
42282 12
42328 1
42333 17
42383 19
42434 15
42484 15
42534 24
42585 14
42635 19
42686 22
42736 21
42742 1
42786 13
42806 1
42837 13
42887 21
42938 20
42988 16
43038 17
43089 20
43093 2
43139 24
43190 27
43240 17
43290 16
43341 15
43391 20
43442 13
43492 18
43542 14
43593 20
43603 1
43635 1
43643 28
43694 16
43744 19
43794 16
43845 25
43895 20
43946 20
43996 25
44017 1
44046 16
44049 1
44081 1
44097 23
44147 17
44198 17
44240 1
44248 20
44298 16
44349 22
44399 16
44450 24
44500 23
44550 19
44601 19
44651 18
44702 22
44752 15
44802 16
44853 12
44903 19
44910 1
44953 25
45004 17
45054 15
45105 23
45155 13
45205 15
45256 22
45306 17
45357 19
45377 1
45407 18
45457 20
45483 1
45508 15
45558 22
45609 22
45659 24
45709 16
45760 11
45810 17
45861 16
45911 20
45961 21
46012 29
46062 15
46113 17
46153 1
46163 22
46213 12
46264 23
46314 18
46365 21
46415 17
46465 17
46516 17
46566 21
46617 12
46667 16
46717 14
46768 13
46818 18
46869 15
46886 1
46919 22
46969 28
47020 16
47070 16
47121 15
47171 13
47221 18
47272 11
47322 18
47373 22
47423 14
47473 23
47491 1
47524 24
47574 27
47625 27
47675 16
47725 23
47776 18
47778 1
47826 25
47877 20
47927 26
47977 18
48028 25
48078 25
48128 18
48179 17
48229 24
48280 19
48330 19
48380 22
48431 24
48448 1
48481 26
48532 20
48582 23
48632 24
48683 20
48733 23
48784 19
48834 25
48884 27
48935 27
48985 14
49036 25
49086 21
49136 9
49181 1
49187 19
49237 15
49276 1
49288 26
49338 8
49388 26
49439 25
49489 22
49540 22
49590 14
49640 22
49691 19
49741 13
49792 17
49842 9
49892 17
49943 19
49993 32
50041 1
50044 15
50094 18
50144 10
50195 23
50245 17
50296 22
50346 22
50392 1
50396 32
50447 23
50497 20
50548 14
50598 21
50648 23
50699 21
50749 18
50800 19
50850 14
50900 14
50951 12
51001 25
51052 15
51102 17
51152 24
51203 28
51253 18
51303 18
51354 18
51404 17
51455 17
51505 16
51555 26
51606 13
51656 21
51707 23
51757 21
51807 21
51858 18
51908 19
51959 16
52009 24
52059 25
52110 19
52160 26
52211 23
52261 19
52311 19
52362 18
52412 24
52463 18
52513 23
52563 17
52614 20
52664 17
52715 25
52765 19
52815 22
52866 18
52916 20
52967 24
53017 25
53067 23
53118 24
53168 20
53219 12
53269 20
53319 21
53370 23
53420 22
53471 20
53521 15
53571 22
53622 23
53672 31
53723 24
53773 16
53823 26
53874 19
53924 20
53975 25
54025 22
54075 19
54126 22
54176 14
54227 28
54277 15
54327 17
54378 22
54428 26
54478 20
54529 27
54579 26
54630 18
54680 25
54730 25
54781 27
54831 18
54882 23
54932 22
54982 20
55033 19
55083 24
55134 25
55184 25
55234 26
55285 20
55335 21
55386 16
55436 31
55486 22
55537 12
55587 22
55638 25
55688 26
55738 13
55789 25
55839 22
55890 14
55940 17
55990 22
56041 18
56091 33
56142 20
56161 1
56192 25
56242 23
56293 27
56343 30
56394 15
56444 25
56494 18
56545 19
56595 22
56646 22
56696 22
56746 24
56797 24
56847 26
56898 14
56948 23
56998 28
57049 24
57099 23
57150 28
57200 23
57250 19
57301 21
57351 24
57402 21
57452 19
57502 19
57553 24
57603 19
57653 33
57704 23
57754 26
57805 16
57855 22
57905 29
57956 31
58006 21
58057 16
58107 19
58157 28
58208 21
58258 24
58309 16
58359 25
58409 25
58460 30
58510 28
58561 27
58611 23
58661 24
58712 21
58762 18
58813 19
58863 27
58913 22
58964 21
59014 25
59065 27
59115 33
59165 11
59216 28
59266 15
59317 21
59367 20
59417 25
59468 20
59518 22
59569 14
59619 27
59669 19
59720 24
59770 28
59821 24
59871 22
59921 20
59972 24
60022 24
60073 31
60123 34
60173 17
60224 28
60274 26
60325 30
60375 25
60425 21
60476 27
60526 21
60577 21
60627 23
60677 24
60728 16
60778 24
60828 22
60879 26
60929 27
60980 22
61030 25
61080 24
61131 26
61181 23
61232 25
61282 24
61332 27
61383 22
61433 18
61484 22
61534 28
61580 1
61584 30
61635 23
61685 19
61736 26
61786 23
61836 20
61887 26
61937 27
61988 26
62038 25
62088 24
62139 22
62189 24
62240 27
62290 31
62340 25
62391 10
62441 18
62492 27
62542 22
62592 23
62643 16
62693 23
62744 17
62794 34
62844 21
62895 22
62945 29
62996 26
63046 24
63096 26
63147 29
63197 26
63248 23
63298 23
63348 24
63399 22
63449 24
63500 18
63550 20
63600 19
63651 22
63701 20
63752 18
63802 24
63852 19
63903 23
63953 29
64003 24
64054 30
64104 27
64155 27
64205 23
64255 28
64306 27
64356 25
64407 27
64457 27
64507 28
64558 28
64608 22
64659 21
64709 24
64759 25
64810 26
64860 19
64911 20
64961 25
65011 25
65062 35
65112 30
65163 25
65213 29
65263 26
65314 27
65364 28
65415 23
65465 27
65515 26
65566 27
65616 23
65667 30
65717 30
65767 24
65818 21
65868 27
65919 33
65969 27
66019 33
66070 30
66120 23
66171 21
66221 13
66271 30
66322 23
66372 19
66423 22
66473 28
66523 20
66574 23
66624 16
66675 25
66725 20
66775 23
66826 21
66876 24
66927 28
66977 30
67027 29
67078 17
67128 20
67178 28
67229 34
67279 36
67330 18
67380 25
67430 30
67481 34
67531 18
67582 28
67632 36
67682 29
67733 22
67783 28
67834 27
67884 30
67934 22
67985 34
68035 24
68086 17
68136 23
68186 20
68237 18
68287 27
68338 30
68388 17
68438 28
68489 25
68539 35
68590 25
68640 28
68690 30
68741 28
68791 21
68842 27
68892 28
68942 31
68993 19
69043 25
69094 29
69144 33
69194 24
69245 29
69295 36
69346 26
69396 25
69446 25
69497 33
69547 30
69598 22
69648 28
69698 30
69749 22
69799 28
69850 26
69900 25
69950 25
70001 26
70051 25
70102 32
70152 24
70202 27
70253 19
70303 26
70353 30
70404 29
70454 26
70505 29
70555 40
70605 33
70656 26
70706 33
70757 31
70807 25
70857 25
70908 25
70958 29
71009 30
71059 23
71109 21
71160 30
71210 33
71261 21
71311 29
71361 30
71412 32
71462 29
71513 33
71563 28
71613 39
71664 27
71714 24
71765 37
71815 18
71865 35
71916 30
71966 33
72017 29
72067 28
72117 27
72168 35
72218 25
72269 24
72319 28
72369 34
72420 22
72470 26
72521 24
72571 32
72621 14
72672 26
72722 24
72773 24
72823 32
72873 21
72924 23
72974 21
73025 27
73075 26
73125 27
73176 26
73226 22
73277 22
73327 23
73377 23
73428 34
73478 27
73528 34
73579 30
73629 28
73680 32
73730 23
73780 30
73831 33
73881 27
73932 27
73982 31
74032 38
74083 27
74133 22
74184 32
74234 28
74284 33
74335 23
74385 28
74436 27
74486 32
74536 24
74587 31
74637 19
74688 27
74738 30
74788 26
74839 37
74889 26
74940 38
74990 23
75040 22
75091 25
75141 23
75192 35
75242 26
75292 33
75343 39
75393 34
75444 28
75494 32
75544 21
75595 25
75645 34
75696 27
75746 31
75796 36
75847 36
75897 39
75948 22
75998 25
76048 30
76099 22
76149 23
76200 27
76250 34
76300 32
76351 25
76401 39
76452 29
76502 27
76552 33
76603 34
76653 22
76703 34
76754 30
76804 33
76855 35
76905 38
76955 24
77006 33
77056 36
77107 46
77157 28
77207 33
77258 31
77308 34
77359 22
77409 31
77459 28
77510 29
77560 29
77611 25
77661 34
77711 35
77762 27
77812 34
77863 31
77913 28
77963 38
78014 27
78064 36
78115 23
78165 34
78215 22
78266 20
78316 29
78367 23
78417 32
78467 37
78518 28
78568 35
78619 33
78669 30
78719 35
78770 33
78820 34
78871 43
78921 35
78971 21
79022 26
79072 29
79123 28
79173 22
79223 37
79274 21
79324 28
79375 23
79425 23
79475 25
79526 32
79576 34
79627 29
79677 33
79727 33
79778 34
79828 18
79878 39
79929 32
79979 43
80030 34
80080 28
80130 36
80181 21
80231 31
80282 41
80332 38
80382 38
80433 32
80483 31
80534 21
80584 27
80634 22
80685 31
80735 20
80786 41
80836 21
80886 33
80937 19
80987 43
81038 31
81088 28
81138 29
81189 33
81239 25
81290 32
81340 24
81390 27
81441 38
81491 37
81542 24
81592 28
81642 38
81693 26
81743 27
81794 29
81844 24
81894 28
81945 35
81995 43
82046 33
82096 33
82146 42
82197 33
82247 20
82298 32
82348 29
82398 23
82449 38
82499 31
82550 48
82600 22
82650 34
82701 31
82751 22
82802 28
82852 38
82902 39
82953 29
83003 33
83054 35
83104 34
83154 44
83205 25
83255 22
83305 27
83356 18
83406 35
83457 29
83507 32
83557 32
83608 30
83658 26
83709 36
83759 25
83809 36
83860 31
83910 22
83961 35
84011 31
84061 34
84112 25
84162 30
84213 29
84263 37
84313 26
84364 31
84414 29
84465 23
84515 36
84565 30
84616 35
84666 25
84717 32
84767 38
84817 33
84868 38
84918 23
84969 26
85019 27
85069 26
85120 31
85170 46
85221 23
85271 36
85321 24
85372 32
85422 21
85473 39
85523 28
85573 31
85624 41
85674 32
85725 34
85775 35
85825 36
85876 28
85926 31
85977 28
86027 43
86077 31
86128 26
86178 26
86229 35
86279 24
86329 28
86380 33
86430 30
86480 32
86531 19
86581 34
86632 35
86682 20
86732 41
86783 33
86833 36
86884 33
86934 28
86984 29
87035 30
87085 25
87136 41
87186 22
87236 28
87287 23
87337 31
87388 36
87438 25
87488 28
87539 35
87589 39
87640 30
87690 32
87740 39
87791 23
87841 25
87892 32
87942 37
87992 30
88043 33
88093 44
88144 21
88194 34
88244 29
88295 39
88345 31
88396 30
88446 36
88496 42
88547 32
88597 33
88648 25
88698 37
88748 35
88799 19
88849 30
88900 35
88950 40
89000 38
89051 34
89101 32
89152 21
89202 26
89252 34
89303 20
89353 30
89404 26
89454 27
89504 29
89555 26
89605 35
89655 32
89706 28
89756 38
89807 30
89857 34
89907 37
89958 34
90008 40
90059 27
90109 27
90159 32
90210 29
90260 31
90311 32
90361 35
90411 33
90462 32
90512 37
90563 27
90613 42
90663 40
90714 38
90764 34
90815 36
90865 33
90915 35
90966 36
91016 25
91067 34
91117 36
91167 23
91218 31
91268 28
91319 17
91369 41
91419 21
91470 23
91520 23
91571 29
91621 24
91671 41
91722 34
91772 33
91823 30
91873 42
91923 29
91974 28
92024 24
92075 37
92125 30
92175 34
92226 27
92276 32
92327 29
92377 32
92427 36
92478 29
92528 28
92579 31
92629 31
92679 21
92730 31
92780 34
92830 37
92881 31
92931 35
92982 32
93032 33
93082 39
93133 32
93183 30
93234 27
93284 39
93334 39
93385 29
93435 29
93486 26
93536 26
93586 33
93637 30
93687 37
93738 34
93788 42
93838 32
93889 41
93939 33
93990 26
94040 30
94090 34
94141 31
94191 40
94242 24
94292 35
94342 20
94393 25
94443 36
94494 41
94544 40
94594 33
94645 37
94695 37
94746 33
94796 31
94846 35
94897 28
94947 39
94998 25
95048 26
95098 24
95149 27
95199 27
95250 28
95300 27
95350 29
95401 28
95451 34
95502 36
95552 30
95602 42
95653 28
95703 41
95754 34
95804 34
95854 36
95905 34
95955 35
96005 34
96056 34
96106 32
96157 34
96207 26
96257 44
96308 35
96358 28
96409 39
96459 31
96509 25
96560 24
96610 28
96661 31
96711 43
96761 30
96812 31
96862 25
96913 32
96963 32
97013 38
97064 32
97114 28
97165 29
97215 25
97265 30
97316 24
97366 29
97417 27
97467 28
97517 31
97568 27
97618 28
97669 43
97719 38
97769 31
97820 40
97870 26
97921 28
97971 27
98021 32
98072 26
98122 41
98173 38
98223 47
98273 38
98324 43
98374 40
98425 37
98475 30
98525 27
98576 32
98626 44
98677 27
98727 47
98777 31
98828 41
98878 29
98929 29
98979 31
99029 27
99080 32
99130 29
99180 24
99231 33
99281 31
99332 37
99382 24
99432 34
99483 23
99533 25
99584 29
99634 34
99684 24
99735 32
99785 38
99836 40
99886 35
99936 44
99987 33
100037 37
100088 38
100138 31
100188 40
100239 32
100289 23
100340 38
100390 32
100440 30
100491 37
100541 25
100592 33
100642 29
100692 35
100743 27
100793 26
100844 33
100894 28
100944 17
100995 26
101045 29
101096 28
101146 38
101196 29
101247 41
101297 43
101348 40
101398 27
101448 34
101499 30
101549 35
101600 35
101650 29
101700 21
101751 36
101801 26
101852 35
101902 27
101952 38
102003 42
102053 35
102104 31
102154 43
102204 31
102255 48
102305 37
102355 38
102406 18
102456 32
102507 33
102557 36
102607 25
102658 33
102708 29
102759 37
102809 32
102859 26
102910 33
102960 34
103011 37
103061 35
103111 30
103162 29
103212 31
103263 23
103313 29
103363 23
103414 36
103464 30
103515 30
103565 19
103615 34
103666 33
103716 28
103767 27
103817 26
103867 30
103918 28
103968 25
104019 25
104069 30
104119 32
104170 20
104220 46
104271 39
104321 28
104371 39
104422 27
104472 39
104523 26
104573 31
104623 44
104674 35
104724 24
104775 35
104825 38
104875 37
104926 33
104976 30
105027 31
105077 25
105127 38
105178 36
105228 18
105279 18
105329 31
105379 43
105430 33
105480 27
105530 31
105581 32
105631 26
105682 27
105732 27
105782 29
105833 24
105883 33
105934 34
105984 38
106034 34
106085 30
106135 39
106186 23
106236 25
106286 25
106337 23
106387 37
106438 18
106488 28
106538 27
106589 32
106639 32
106690 31
106740 33
106790 30
106841 28
106891 27
106942 30
106992 35
107042 34
107093 45
107143 37
107194 41
107244 36
107294 29
107345 32
107395 22
107446 36
107496 24
107546 26
107597 38
107647 36
107698 22
107748 34
107798 28
107849 30
107899 33
107950 40
108000 36
108050 28
108101 39
108151 30
108202 30
108252 36
108302 24
108353 37
108403 29
108454 31
108504 32
108554 26
108605 31
108655 28
108705 34
108756 30
108806 24
108857 22
108907 29
108957 35
109008 31
109058 43
109109 31
109159 34
109209 29
109260 34
109310 37
109361 32
109411 32
109461 29
109512 32
109562 31
109613 32
109663 34
109713 24
109764 32
109814 29
109865 35
109915 22
109965 35
110016 32
110066 26
110117 29
110167 34
110217 27
110268 20
110318 32
110369 23
110419 28
110469 34
110520 28
110570 25
110621 26
110671 20
110721 36
110772 38
110822 31
110873 39
110923 33
110973 31
111024 33
111074 24
111125 40
111175 32
111225 36
111276 36
111326 30
111377 28
111427 36
111477 36
111528 23
111578 23
111629 25
111679 27
111729 34
111780 26
111830 31
111880 26
111931 30
111981 26
112032 22
112082 19
112132 28
112183 26
112233 40
112284 28
112334 29
112384 29
112435 27
112485 28
112536 24
112586 30
112636 29
112687 33
112737 29
112788 13
112838 33
112888 22
112939 33
112989 25
113040 24
113090 26
113140 30
113191 30
113241 27
113292 32
113342 28
113392 31
113443 31
113493 24
113544 39
113594 21
113644 35
113695 32
113745 34
113796 26
113846 30
113896 31
113947 29
113997 29
114048 25
114098 19
114148 28
114199 20
114249 26
114300 34
114350 30
114400 21
114451 22
114501 36
114552 24
114602 25
114652 33
114703 31
114753 30
114804 26
114854 34
114904 35
114955 31
115005 33
115055 28
115106 24
115156 25
115207 29
115257 38
115307 23
115358 25
115408 26
115459 18
115509 21
115559 40
115610 32
115660 34
115711 21
115761 25
115811 25
115862 25
115912 25
115963 26
116013 26
116063 39
116114 30
116164 23
116215 23
116265 28
116315 25
116366 18
116416 22
116467 27
116517 29
116567 26
116618 33
116668 41
116719 34
116769 22
116819 23
116870 23
116920 42
116971 20
117021 16
117071 23
117122 18
117172 21
117223 24
117273 35
117323 33
117374 44
117424 29
117475 21
117525 27
117575 21
117626 38
117676 32
117727 31
117777 29
117827 25
117878 27
117928 26
117979 32
118029 32
118079 27
118130 25
118180 31
118230 27
118281 24
118331 20
118382 28
118432 21
118482 35
118533 19
118583 22
118634 23
118684 33
118734 32
118785 23
118835 27
118886 29
118936 31
118986 27
119037 24
119087 32
119138 22
119188 26
119238 25
119289 28
119339 22
119390 23
119440 24
119490 29
119541 19
119591 23
119642 21
119692 30
119742 29
119793 34
119843 26
119894 19
119944 14
119994 32
120045 16
120095 15
120146 33
120196 21
120246 14
120297 23
120347 19
120398 21
120448 27
120498 32
120549 29
120599 17
120650 22
120700 21
120750 23
120801 25
120851 21
120902 26
120952 17
121002 23
121053 22
121103 31
121154 16
121204 23
121254 21
121305 20
121355 23
121405 16
121456 25
121506 23
121557 20
121607 22
121657 18
121708 23
121758 25
121809 25
121859 21
121909 25
121960 18
122010 23
122061 27
122111 17
122161 24
122212 20
122262 37
122313 27
122363 20
122413 23
122464 17
122514 20
122565 27
122615 17
122665 27
122716 22
122766 24
122817 19
122867 24
122917 19
122968 25
123018 24
123069 22
123119 21
123169 22
123220 23
123270 18
123321 22
123371 22
123421 15
123472 20
123522 28
123573 13
123623 19
123673 28
123724 27
123774 23
123825 17
123875 25
123925 16
123976 26
124026 24
124077 17
124127 23
124177 15
124228 17
124278 20
124329 23
124379 18
124429 28
124480 21
124530 21
124580 21
124631 20
124681 30
124732 16
124782 20
124832 25
124883 25
124933 19
124984 24
125034 19
125084 17
125135 23
125185 24
125236 21
125286 22
125336 16
125387 20
125437 15
125488 23
125538 14
125588 15
125639 21
125689 20
125740 12
125790 16
125840 27
125891 22
125941 19
125992 15
126042 21
126092 22
126143 13
126193 23
126244 19
126294 15
126344 13
126395 16
126445 25
126496 18
126546 19
126596 18
126647 18
126697 19
126748 20
126798 28
126848 16
126899 18
126949 16
127000 20
127050 24
127100 12
127151 14
127201 22
127252 17
127302 14
127352 21
127403 16
127453 16
127504 19
127554 19
127604 24
127655 21
127705 5
127756 20
127806 19
127856 23
127907 16
127957 18
128007 23
128058 15
128108 19
128159 14
128209 16
128259 16
128310 17
128360 12
128411 25
128461 25
128511 15
128562 19
128612 24
128663 17
128713 15
128763 14
128814 12
128864 16
128915 25
128965 20
129015 17
129066 15
129116 12
129167 13
129217 17
129267 14
129318 17
129368 15
129419 19
129469 12
129519 15
129570 13
129620 14
129671 16
129721 13
129771 12
129822 24
129872 16
129923 13
129973 16
130023 20
130074 10
130124 18
130175 17
130225 15
130275 18
130326 20
130376 21
130427 21
130477 17
130527 15
130578 15
130628 14
130679 18
130729 13
130779 14
130830 20
130880 15
130931 16
130981 16
131031 13
131082 16
131132 24
131182 11
131233 16
131283 13
131334 14
131384 15
131434 12
131485 14
131535 10
131586 11
131636 12
131686 12
131737 13
131787 9
131838 14
131888 12
131938 14
131989 20
132039 13
132090 15
132140 13
132190 11
132241 7
132291 15
132342 12
132392 32
132442 13
132493 15
132543 15
132594 13
132644 13
132694 13
132745 11
132795 13
132846 18
132896 17
132946 8
132997 14
133047 13
133098 13
133148 11
133198 16
133249 15
133299 15
133350 6
133400 19
133450 10
133501 10
133551 12
133602 16
133652 16
133702 9
133753 14
133803 13
133854 15
133904 12
133954 15
134005 13
134055 13
134106 10
134156 22
134206 23
134257 16
134307 11
134357 16
134408 14
134458 18
134509 14
134559 6
134609 18
134660 15
134710 13
134761 14
134811 15
134861 16
134912 6
134962 12
135013 4
135063 14
135113 10
135164 12
135214 17
135265 10
135315 16
135365 15
135416 11
135466 12
135517 8
135567 15
135617 15
135668 6
135718 16
135769 11
135819 16
135869 9
135920 10
135970 7
136021 13
136071 20
136121 9
136172 11
136222 9
136273 16
136323 7
136373 10
136424 7
136474 9
136525 15
136575 17
136625 10
136676 7
136726 7
136777 12
136827 11
136877 16
136928 8
136978 13
137029 14
137079 14
137129 10
137180 13
137230 5
137281 9
137331 11
137381 9
137432 11
137482 7
137532 10
137583 14
137633 16
137684 13
137734 9
137784 16
137835 7
137885 18
137936 11
137986 11
138036 13
138087 15
138137 11
138188 13
138238 9
138288 10
138339 10
138389 10
138440 14
138490 11
138540 15
138591 15
138641 3
138692 6
138742 11
138792 8
138843 4
138893 15
138944 11
138994 11
139044 13
139095 12
139145 11
139196 5
139246 8
139296 10
139347 13
139397 10
139448 15
139498 8
139548 9
139599 12
139649 10
139700 11
139750 12
139800 10
139851 16
139901 10
139952 9
140002 5
140052 8
140103 15
140153 10
140204 8
140254 5
140304 9
140355 14
140405 11
140456 12
140506 7
140556 11
140607 11
140657 5
140707 10
140758 8
140808 5
140859 9
140909 13
140959 10
141010 9
141060 8
141111 9
141161 9
141211 14
141262 6
141312 3
141363 8
141413 9
141463 9
141514 8
141564 9
141615 9
141665 6
141715 10
141766 11
141816 7
141867 8
141917 7
141967 6
142018 11
142068 6
142119 9
142169 5
142219 6
142270 8
142320 13
142371 11
142421 5
142471 13
142522 10
142572 5
142623 13
142673 8
142723 9
142774 6
142824 4
142875 1
142925 10
142975 8
143026 9
143076 7
143127 5
143177 10
143227 3
143278 11
143328 10
143379 13
143429 3
143479 10
143530 5
143580 7
143631 5
143681 11
143731 3
143782 10
143832 5
143882 4
143933 6
143983 7
144034 15
144084 4
144134 6
144185 11
144235 7
144286 10
144336 6
144386 6
144437 8
144487 9
144538 12
144588 8
144638 7
144689 8
144739 5
144790 10
144840 6
144890 8
144941 7
144991 11
145042 10
145092 9
145142 10
145193 18
145243 13
145294 9
145344 9
145394 4
145445 10
145495 10
145546 8
145596 4
145646 11
145697 8
145747 8
145798 8
145848 11
145898 5
145949 10
145999 9
146050 7
146100 7
146150 5
146201 6
146251 14
146302 7
146352 9
146402 5
146453 8
146503 10
146554 5
146604 6
146654 8
146705 8
146755 9
146806 13
146856 10
146906 8
146957 11
147007 11
147057 8
147108 6
147158 10
147209 6
147259 8
147309 7
147360 7
147410 7
147461 7
147511 8
147561 4
147612 5
147662 2
147713 8
147763 12
147813 6
147864 8
147914 13
147965 6
148015 12
148065 9
148116 5
148166 4
148217 9
148267 6
148317 3
148368 6
148418 3
148469 10
148519 5
148569 16
148620 8
148670 4
148721 9
148771 5
148821 13
148872 3
148922 8
148973 10
149023 2
149073 7
149124 8
149174 13
149225 11
149275 10
149325 6
149376 5
149426 9
149477 7
149527 7
149577 9
149628 6
149678 8
149729 9
149779 10
149829 8
149880 10
149930 9
149981 12
150031 6
150081 7
150132 7
150182 4
150232 3
150283 8
150333 7
150384 11
150434 10
150484 5
150535 6
150585 7
150636 7
150686 2
150736 9
150787 5
150837 7
150888 6
150938 11
150988 8
151039 3
151089 11
151140 7
151190 5
151240 10
151291 3
151341 3
151392 6
151442 9
151492 10
151543 4
151593 6
151644 9
151694 8
151744 6
151795 4
151845 7
151896 13
151946 6
151996 6
152047 10
152097 8
152148 8
152198 3
152248 10
152299 5
152349 9
152400 9
152450 6
152500 9
152551 5
152601 5
152652 10
152702 6
152752 8
152803 8
152853 6
152904 8
152954 6
153004 4
153055 8
153105 7
153156 13
153206 7
153256 5
153307 8
153357 6
153407 4
153458 6
153508 8
153559 6
153609 8
153659 6
153710 4
153760 6
153811 7
153861 11
153911 4
153962 4
154012 4
154063 5
154113 4
154163 7
154214 8
154264 6
154315 8
154365 15
154415 2
154466 8
154516 9
154567 7
154617 5
154667 6
154718 10
154768 2
154819 7
154869 10
154919 7
154970 7
155020 1
155121 6
155171 5
155222 5
155272 8
155323 9
155373 6
155423 7
155474 6
155524 9
155575 4
155625 7
155675 11
155726 5
155776 9
155827 6
155877 7
155927 5
155978 6
156028 6
156079 5
156129 11
156179 5
156230 5
156280 5
156331 6
156381 5
156431 7
156482 4
156532 7
156582 8
156633 5
156683 11
156734 6
156784 8
156834 3
156885 4
156935 2
156986 3
157036 11
157086 4
157137 5
157187 7
157238 5
157288 5
157338 5
157389 9
157439 7
157490 2
157540 5
157590 6
157641 9
157691 6
157742 7
157792 9
157842 4
157893 10
157943 6
157994 4
158044 8
158094 10
158145 13
158195 9
158246 3
158296 8
158346 7
158397 6
158447 5
158498 4
158548 5
158598 7
158649 6
158699 12
158750 11
158800 6
158850 8
158901 4
158951 6
159002 7
159052 9
159102 4
159153 5
159203 5
159254 7
159304 7
159354 4
159405 14
159455 5
159506 5
159556 4
159606 3
159657 7
159707 8
159757 5
159808 1
159858 5
159909 7
159959 2
160009 4
160060 4
160110 7
160161 14
160211 4
160261 9
160312 7
160362 3
160413 5
160463 6
160513 10
160564 4
160614 7
160665 5
160715 9
160765 4
160816 7
160866 7
160917 9
160967 8
161017 9
161068 5
161118 5
161169 3
161219 7
161269 8
161320 8
161370 5
161421 7
161471 8
161521 6
161572 6
161622 6
161673 5
161723 6
161773 2
161824 7
161874 2
161925 7
161975 10
162025 4
162076 4
162126 6
162177 7
162227 2
162277 3
162328 7
162378 5
162429 8
162479 4
162529 6
162580 4
162630 6
162681 5
162731 4
162781 6
162832 5
162882 7
162933 6
162983 2
163033 3
163084 6
163134 8
163184 7
163235 3
163285 10
163336 5
163386 5
163436 5
163487 2
163537 6
163588 3
163638 8
163688 4
163739 4
163789 7
163840 3
163890 4
163940 4
163991 5
164041 6
164092 8
164142 11
164192 4
164243 9
164293 2
164344 4
164394 7
164444 1
164495 5
164545 3
164596 4
164646 5
164696 8
164747 1
164797 7
164848 10
164898 5
164948 4
164999 8
165049 4
165100 6
165150 1
165200 8
165251 3
165301 4
165352 6
165402 4
165452 5
165503 6
165553 2
165604 5
165654 3
165704 3
165755 4
165805 5
165856 3
165906 4
165956 4
166007 1
166057 3
166108 6
166158 4
166208 3
166259 5
166309 2
166359 9
166410 2
166460 4
166511 3
166561 4
166611 10
166662 3
166712 2
166763 4
166813 5
166863 4
166914 5
166964 3
167015 9
167065 8
167115 4
167166 8
167216 4
167267 6
167317 4
167367 5
167418 3
167468 7
167519 3
167569 6
167619 6
167670 11
167720 1
167771 4
167821 8
167871 4
167922 3
167972 3
168023 2
168073 2
168123 5
168174 5
168224 6
168275 4
168325 4
168375 5
168426 4
168476 7
168527 3
168577 4
168627 4
168678 6
168728 4
168779 8
168829 8
168879 3
168930 1
168980 8
169031 6
169081 2
169131 8
169182 8
169232 3
169283 6
169333 4
169383 8
169434 4
169484 4
169534 3
169585 3
169635 5
169686 3
169736 7
169786 5
169837 2
169887 3
169938 6
169988 6
170038 4
170089 3
170139 2
170190 5
170240 7
170290 4
170341 8
170391 4
170442 3
170492 3
170593 3
170643 5
170694 4
170744 5
170794 2
170845 3
170895 3
170946 2
170996 4
171046 3
171097 7
171147 6
171198 5
171248 6
171298 3
171349 2
171399 4
171450 5
171500 3
171550 3
171601 3
171651 4
171702 4
171752 2
171802 2
171853 4
171903 4
171954 4
172004 7
172054 1
172105 7
172155 3
172206 2
172256 5
172306 3
172357 3
172407 8
172458 4
172508 6
172558 4
172609 5
172659 3
172709 3
172760 2
172810 3
172861 2
172911 2
172961 3
173012 6
173062 6
173113 3
173163 3
173213 8
173264 5
173314 5
173365 7
173415 2
173465 5
173516 6
173566 1
173617 7
173667 8
173717 6
173768 5
173818 4
173869 3
173919 6
173969 4
174070 4
174121 4
174171 3
174221 3
174272 5
174322 3
174373 5
174423 3
174473 5
174524 4
174574 6
174625 1
174675 5
174725 2
174776 4
174826 3
174877 5
174927 7
174977 4
175028 5
175078 5
175129 4
175179 3
175229 3
175280 3
175330 3
175381 3
175431 2
175481 4
175532 1
175582 5
175633 3
175683 2
175733 10
175784 5
175884 3
175935 4
175985 4
176036 4
176086 4
176136 3
176187 5
176237 5
176288 4
176338 2
176388 4
176439 8
176489 4
176540 4
176590 6
176640 2
176691 3
176741 4
176792 3
176842 3
176892 3
176943 5
176993 5
177044 4
177094 3
177144 2
177195 4
177245 6
177296 4
177346 2
177396 9
177447 3
177497 4
177548 5
177598 1
177648 4
177699 6
177749 2
177800 7
177850 6
177900 5
177951 4
178001 3
178052 3
178102 5
178152 3
178203 6
178253 2
178304 6
178354 3
178404 4
178455 5
178505 2
178556 3
178606 2
178656 3
178707 4
178757 1
178808 2
178858 2
178908 2
178959 3
179009 2
179059 5
179110 4
179160 2
179211 4
179261 6
179311 4
179362 4
179412 5
179463 5
179513 2
179563 2
179614 2
179664 5
179715 1
179765 3
179815 1
179866 1
179916 2
179967 1
180017 5
180067 4
180118 5
180168 3
180219 2
180269 7
180319 4
180370 4
180420 3
180471 5
180521 2
180571 1
180622 4
180672 2
180773 5
180823 2
180874 4
180924 5
180975 4
181025 5
181075 4
181126 2
181176 4
181227 7
181277 3
181327 3
181378 3
181428 2
181479 1
181529 2
181579 1
181630 2
181680 3
181731 4
181781 7
181831 3
181882 6
181932 3
181983 4
182033 5
182083 4
182134 6
182184 7
182234 2
182285 4
182335 4
182386 3
182436 4
182486 6
182537 4
182587 3
182638 1
182688 3
182738 5
182789 1
182839 5
182890 4
182940 6
182990 1
183041 2
183091 5
183142 4
183192 2
183242 3
183293 4
183343 5
183394 4
183444 5
183545 4
183595 2
183646 3
183696 5
183746 3
183797 2
183847 1
183898 3
183948 5
183998 6
184049 2
184099 3
184150 1
184200 1
184250 3
184301 4
184351 2
184502 1
184553 3
184603 3
184654 3
184704 4
184754 4
184805 3
184855 6
184906 4
184956 3
185006 2
185057 1
185107 4
185158 2
185208 4
185258 2
185309 3
185359 1
185409 2
185460 1
185510 3
185561 3
185611 2
185661 5
185712 3
185762 4
185813 4
185863 3
185913 4
185964 1
186014 2
186065 1
186115 3
186165 1
186216 4
186266 2
186317 2
186367 3
186417 4
186468 3
186518 3
186569 1
186619 3
186669 4
186720 2
186770 2
186821 5
186921 2
186972 2
187022 3
187073 1
187123 4
187173 2
187224 1
187274 1
187325 3
187375 1
187425 4
187476 2
187526 2
187577 2
187627 1
187677 2
187728 3
187778 3
187829 1
187879 1
187929 2
187980 3
188030 2
188081 1
188131 3
188181 3
188232 3
188282 2
188333 2
188383 1
188433 3
188484 2
188534 3
188584 1
188635 2
188685 2
188786 2
188836 4
188887 4
188937 4
188988 6
189038 1
189088 4
189139 1
189240 2
189290 5
189340 3
189391 1
189441 1
189492 3
189592 2
189643 4
189693 1
189744 3
189794 2
189844 3
189895 3
189996 2
190046 1
190096 3
190147 2
190348 1
190399 2
190449 4
190500 2
190550 3
190600 3
190651 1
190701 3
190752 3
190802 6
190852 3
190903 2
190953 1
191054 3
191104 1
191155 3
191205 2
191256 1
191306 2
191356 2
191407 1
191457 1
191508 4
191608 1
191659 1
191709 1
191759 5
191810 3
191860 2
191911 1
191961 2
192011 1
192062 3
192112 3
192163 1
192263 4
192364 2
192415 3
192465 1
192515 1
192566 1
192616 2
192667 1
192717 1
192767 2
192969 3
193019 1
193070 1
193120 2
193171 3
193221 1
193271 1
193322 1
193423 1
193473 1
193523 1
193574 1
193624 2
193675 2
193725 3
193826 2
193876 1
193927 5
193977 1
194027 1
194128 3
194179 1
194279 1
194330 1
194380 2
194431 1
194481 2
194531 2
194632 1
194683 2
194783 1
194834 1
194884 1
194934 1
194985 2
195035 2
195237 1
195338 1
195388 2
195438 2
195489 2
195539 2
195590 2
195640 4
195741 1
195791 1
195842 2
195892 1
195942 3
196043 2
196144 1
196194 2
196245 1
196295 1
196346 1
196396 2
196497 2
196547 3
196598 5
196648 1
196698 3
196799 1
196850 3
196900 1
196950 1
197102 1
197202 1
197253 5
197303 2
197354 5
197606 2
197656 3
197706 1
197757 1
197807 1
197858 3
198009 3
198109 3
198261 3
198311 4
198361 1
198412 2
198462 1
198513 2
198563 5
198613 1
198664 5
198714 3
198765 2
198865 1
198916 2
198966 3
199017 1
199067 1
199117 1
199168 1
199218 2
199269 1
199319 1
199369 2
199420 2
199470 3
199521 3
199571 1
199621 1
199672 2
199722 1
199773 3
199873 2
199924 1
199974 1
200025 1
200125 2
200176 2
200226 1
200277 1
200327 2
200428 1
200478 3
200529 1
200579 2
200629 1
200781 3
200831 1
200881 2
200932 1
200982 1
201033 1
201184 3
201234 1
201335 4
201486 1
201587 1
201738 1
201788 1
201839 2
202242 2
202343 1
202393 1
202444 1
202595 2
202645 1
202696 1
202746 1
202897 2
202998 1
203048 1
203099 1
203300 1
203502 1
203754 1
203855 1
204157 1
204208 1
204510 1
204812 1
205014 1
