Niveau De Gris Recall Precision F1
0 0 0 0
1 0 0 0
2 0 0 0
3 0 0 0
4 0 0 0
5 0 0 0
6 0 0.000501756 0.00100301
7 0 0.000752634 0.00150414
8 0 0.000752634 0.00150414
9 0 0.00175615 0.00350614
10 0 0.00275966 0.00550413
11 0 0.00326141 0.00650163
12 0 0.00401405 0.007996
13 0 0.0057702 0.0114742
14 0 0.00652283 0.0129611
15 0 0.00903161 0.0179015
16 0 0.0112895 0.022327
17 0 0.0130457 0.0257553
18 0 0.016558 0.0325765
19 0 0.0183141 0.0359695
20 0 0.0215755 0.0422397
21 0 0.0235825 0.0460784
22 0 0.0275966 0.0537109
23 0 0.0298545 0.0579781
24 0 0.032865 0.0636386
25 0 0.0376317 0.0725338
26 0 0.0408931 0.0785732
27 0 0.0456598 0.0873321
28 0 0.0486703 0.092823
29 0 0.0524335 0.0996424
30 0 0.0572002 0.108211
31 0 0.0604616 0.114029
32 0 0.0659809 0.123794
33 0 0.0687406 0.128638
34 0 0.072002 0.134332
35 0 0.0772704 0.143456
36 0 0.0827898 0.152919
37 0.000161316 0.0855494 0.157542
38 0.000161316 0.0890617 0.163481
39 0.000161316 0.0928249 0.169803
40 0.000161316 0.1001 0.181901
41 0.000322633 0.105118 0.190066
42 0.000645265 0.110637 0.198873
43 0.000725924 0.115153 0.206107
44 0.000967898 0.121676 0.216373
45 0.00145185 0.127948 0.225964
46 0.00169382 0.131711 0.231686
47 0.00225843 0.13723 0.23986
48 0.00274238 0.143001 0.248366
49 0.00322633 0.150276 0.259027
50 0.00403291 0.159308 0.27189
51 0.00516212 0.16583 0.28062
52 0.00588805 0.174611 0.292744
53 0.00677529 0.181636 0.302044
54 0.00758187 0.187155 0.309159
55 0.00854977 0.196939 0.321919
56 0.0100823 0.206473 0.333604
57 0.0112921 0.215253 0.344302
58 0.0119374 0.224285 0.355609
59 0.012744 0.23156 0.364318
60 0.0138732 0.240341 0.374511
61 0.0153251 0.251631 0.387333
62 0.0159703 0.261917 0.399388
63 0.0172608 0.271701 0.409994
64 0.0183901 0.281736 0.420836
65 0.0195999 0.291771 0.43138
66 0.0204065 0.301054 0.441258
67 0.0228263 0.31134 0.450454
68 0.0247621 0.322127 0.460463
69 0.0255686 0.334671 0.473301
70 0.0266979 0.345459 0.483667
71 0.0272625 0.356749 0.494953
72 0.0295209 0.368289 0.504467
73 0.0309727 0.378575 0.513353
74 0.0325859 0.389363 0.522383
75 0.0341991 0.399649 0.530735
76 0.0361349 0.412945 0.541447
77 0.0374254 0.420221 0.546939
78 0.0396838 0.429002 0.552683
79 0.0416196 0.438535 0.55936
80 0.0433941 0.447065 0.565176
81 0.0451686 0.458856 0.573804
82 0.047185 0.467637 0.579332
83 0.0492821 0.477923 0.585974
84 0.0511373 0.487707 0.592322
85 0.0531537 0.497742 0.598582
86 0.0547669 0.50853 0.605798
87 0.0570253 0.518565 0.611538
88 0.0590418 0.528098 0.617031
89 0.0608163 0.536628 0.621893
90 0.0627521 0.547667 0.628473
91 0.0653331 0.5572 0.633034
92 0.0680755 0.566984 0.637518
93 0.070092 0.574762 0.641198
94 0.0712212 0.585549 0.648063
95 0.072673 0.596337 0.65446
96 0.0749314 0.606121 0.659119
97 0.0765446 0.617411 0.665495
98 0.0783997 0.625188 0.668993
99 0.0797709 0.63723 0.675981
100 0.0815454 0.644506 0.679091
101 0.0836425 0.654039 0.683355
102 0.0848524 0.66006 0.686139
103 0.085659 0.668339 0.690871
104 0.0875141 0.676618 0.694387
105 0.0893693 0.684897 0.697853
106 0.0912244 0.692423 0.700774
107 0.0932408 0.698946 0.702825
108 0.094612 0.705971 0.705882
109 0.0962252 0.713497 0.708962
110 0.0974351 0.723031 0.71372
111 0.0984836 0.729804 0.716856
112 0.100097 0.738334 0.720441
113 0.101468 0.746362 0.723932
114 0.102597 0.755394 0.728262
115 0.103726 0.762168 0.731167
116 0.104533 0.76869 0.734244
117 0.105662 0.775464 0.737093
118 0.106388 0.781736 0.740055
119 0.107195 0.789764 0.743944
120 0.107679 0.795283 0.746673
121 0.108082 0.80281 0.750645
122 0.108405 0.807827 0.753216
123 0.108969 0.812092 0.755073
124 0.109372 0.815605 0.756662
125 0.109937 0.819368 0.758212
126 0.11026 0.825138 0.761166
127 0.110502 0.831661 0.764618
128 0.11147 0.838685 0.767535
129 0.112115 0.84295 0.769231
130 0.112518 0.848219 0.771742
131 0.113325 0.853487 0.773797
132 0.113567 0.85725 0.775621
133 0.114131 0.861014 0.777086
134 0.114535 0.864526 0.778581
135 0.115341 0.866533 0.778805
136 0.115583 0.870045 0.780466
137 0.116148 0.873557 0.781769
138 0.116712 0.877321 0.783203
139 0.117761 0.879829 0.783425
140 0.118084 0.884094 0.78538
141 0.118809 0.88861 0.787024
142 0.119213 0.893126 0.789007
143 0.119535 0.897893 0.791202
144 0.120261 0.901656 0.792415
145 0.120584 0.903914 0.793263
146 0.121149 0.906924 0.794244
147 0.122197 0.909182 0.794301
148 0.122923 0.911189 0.794574
149 0.123649 0.913196 0.794847
150 0.124052 0.917461 0.796645
151 0.124536 0.920472 0.797695
152 0.125262 0.924235 0.798872
153 0.125907 0.927747 0.8
154 0.12623 0.930507 0.80108
155 0.126795 0.932514 0.801509
156 0.12744 0.933768 0.801464
157 0.127843 0.934019 0.801162
158 0.128569 0.935273 0.801031
159 0.128892 0.936779 0.80146
160 0.129295 0.938284 0.801801
161 0.130182 0.939538 0.801498
162 0.130828 0.942298 0.802221
163 0.131876 0.943302 0.80162
164 0.133489 0.945058 0.800808
165 0.134618 0.946814 0.800509
166 0.135022 0.948319 0.800847
167 0.13607 0.949323 0.800254
168 0.136635 0.950326 0.800169
169 0.137683 0.952082 0.799958
170 0.13849 0.954842 0.800505
171 0.139135 0.955845 0.800336
172 0.139861 0.956849 0.800084
173 0.141071 0.957852 0.79933
174 0.141878 0.959107 0.799122
175 0.142765 0.96011 0.798706
176 0.143572 0.960863 0.798249
177 0.145023 0.961867 0.797255
178 0.146798 0.962117 0.795561
179 0.14825 0.963121 0.794577
180 0.149944 0.963874 0.793228
181 0.152525 0.964626 0.79099
182 0.155267 0.966633 0.789226
183 0.159542 0.967135 0.785212
184 0.16543 0.968891 0.780281
185 0.174625 0.970146 0.77201
186 0.18382 0.9714 0.763934
187 0.196161 0.972905 0.753302
188 0.208098 0.973909 0.743109
189 0.227295 0.97441 0.726796
190 0.241007 0.975665 0.716008
191 0.254073 0.97717 0.706192
192 0.269479 0.978926 0.694986
193 0.29045 0.979428 0.679488
194 0.319487 0.980682 0.659413
195 0.349895 0.981184 0.639313
196 0.38482 0.982439 0.618007
197 0.416519 0.983442 0.599847
198 0.448217 0.984446 0.582758
199 0.471286 0.9857 0.571159
200 0.488224 0.985951 0.562674
201 0.504759 0.987456 0.555148
202 0.517583 0.988961 0.549599
203 0.525085 0.988961 0.546059
204 0.533312 0.988961 0.542228
205 0.540732 0.989714 0.539119
206 0.549363 0.990216 0.535404
207 0.557751 0.991219 0.53205
208 0.567834 0.991972 0.527904
209 0.580336 0.992975 0.522888
210 0.592031 0.993477 0.518121
211 0.604291 0.993979 0.513212
212 0.615906 0.99423 0.508566
213 0.625827 0.994732 0.504774
214 0.637442 0.995233 0.500378
215 0.648895 0.995986 0.496219
216 0.659461 0.996237 0.492283
217 0.67035 0.996989 0.488476
218 0.684143 0.998244 0.483857
219 0.696645 0.998244 0.47934
220 0.71084 0.998746 0.474493
221 0.727133 0.998746 0.468849
222 0.744959 0.999749 0.463184
223 0.766979 1 0.456038
224 0.788595 1 0.449152
225 0.812954 1 0.441638
226 0.836183 1 0.434702
227 0.861107 1 0.427499
228 0.88845 1 0.419866
229 0.916277 1 0.412373
230 0.940636 1 0.40603
231 0.962171 1 0.400583
232 0.979271 1 0.396361
233 0.989837 1 0.393796
234 0.995402 1 0.392458
235 0.997419 1 0.391976
236 0.998951 1 0.39161
237 0.999597 1 0.391456
238 0.999839 1 0.391398
239 0.999919 1 0.391379
240 1 1 0.39136
241 1 1 0.39136
242 1 1 0.39136
243 1 1 0.39136
244 1 1 0.39136
245 1 1 0.39136
246 1 1 0.39136
247 1 1 0.39136
248 1 1 0.39136
249 1 1 0.39136
250 1 1 0.39136
251 1 1 0.39136
252 1 1 0.39136
253 1 1 0.39136
254 1 1 0.39136
255 1 1 0.39136
