0 1.90735e-05
1 0.000228882
2 0.000572205
3 0.000965118
4 0.00139236
5 0.00162506
6 0.0018692
7 0.00213623
8 0.00260162
9 0.00362396
10 0.00470352
11 0.00574493
12 0.00666046
13 0.00772476
14 0.00883102
15 0.0101471
16 0.0116272
17 0.0137444
18 0.0162621
19 0.0191269
20 0.0220032
21 0.0250549
22 0.0280647
23 0.0313759
24 0.0344963
25 0.0372734
26 0.0402565
27 0.0431747
28 0.0460129
29 0.0490952
30 0.0525665
31 0.0565033
32 0.0614777
33 0.0672951
34 0.0734406
35 0.0796432
36 0.0856743
37 0.0917969
38 0.0980072
39 0.104076
40 0.110382
41 0.116455
42 0.122829
43 0.12978
44 0.136444
45 0.143307
46 0.14986
47 0.156448
48 0.163002
49 0.169411
50 0.175762
51 0.182178
52 0.188786
53 0.195415
54 0.202492
55 0.209515
56 0.216934
57 0.224979
58 0.23304
59 0.241821
60 0.251274
61 0.260727
62 0.270016
63 0.279369
64 0.288647
65 0.29818
66 0.307617
67 0.316696
68 0.325493
69 0.334175
70 0.342899
71 0.351437
72 0.360363
73 0.369343
74 0.378426
75 0.38728
76 0.395748
77 0.404755
78 0.41346
79 0.421955
80 0.430717
81 0.439449
82 0.448078
83 0.457085
84 0.465736
85 0.474361
86 0.482613
87 0.491756
88 0.500557
89 0.509689
90 0.518784
91 0.528027
92 0.536915
93 0.54599
94 0.554752
95 0.563095
96 0.571362
97 0.579472
98 0.587395
99 0.595516
100 0.603275
101 0.610973
102 0.618435
103 0.625957
104 0.633045
105 0.640457
106 0.64772
107 0.654591
108 0.6614
109 0.667858
110 0.674702
111 0.680836
112 0.687332
113 0.693703
114 0.699768
115 0.705292
116 0.711025
117 0.716442
118 0.721947
119 0.727184
120 0.732647
121 0.7384
122 0.743576
123 0.748795
124 0.75499
125 0.76128
126 0.767349
127 0.773071
128 0.77879
129 0.784283
130 0.789719
131 0.794899
132 0.800316
133 0.805286
134 0.810009
135 0.814423
136 0.81881
137 0.823406
138 0.827534
139 0.831974
140 0.83638
141 0.840786
142 0.845181
143 0.8494
144 0.853642
145 0.857468
146 0.861351
147 0.865173
148 0.868954
149 0.872696
150 0.876415
151 0.879971
152 0.883678
153 0.887173
154 0.890606
155 0.89402
156 0.897427
157 0.900742
158 0.903934
159 0.907097
160 0.910332
161 0.913517
162 0.916664
163 0.91954
164 0.922497
165 0.925465
166 0.928265
167 0.931046
168 0.9338
169 0.936363
170 0.939152
171 0.941647
172 0.944351
173 0.94685
174 0.949257
175 0.951649
176 0.953987
177 0.956249
178 0.958447
179 0.960365
180 0.962486
181 0.964336
182 0.966366
183 0.968201
184 0.969952
185 0.971832
186 0.973576
187 0.975281
188 0.976871
189 0.978397
190 0.979969
191 0.981339
192 0.982544
193 0.983521
194 0.984669
195 0.985722
196 0.986511
197 0.987373
198 0.988235
199 0.988914
200 0.989651
201 0.990318
202 0.990929
203 0.991547
204 0.99213
205 0.992699
206 0.993233
207 0.993801
208 0.994217
209 0.994682
210 0.995064
211 0.995422
212 0.995747
213 0.996094
214 0.996399
215 0.996632
216 0.996933
217 0.997154
218 0.997417
219 0.997707
220 0.997948
221 0.998081
222 0.998302
223 0.998444
224 0.998604
225 0.998692
226 0.998795
227 0.99894
228 0.999088
229 0.999233
230 0.999352
231 0.999416
232 0.99947
233 0.999516
234 0.999565
235 0.999615
236 0.999676
237 0.999725
238 0.999767
239 0.999798
240 0.999817
241 0.999847
242 0.999874
243 0.999882
244 0.999908
245 0.999924
246 0.999935
247 0.999947
248 0.999958
249 0.999973
250 0.999981
251 0.999992
252 0.999992
253 0.999992
254 1
255 1
